n_iterate,sim_time,Application,Images,Epochs,Batchsize,Jobs,UniqueJobsID,SubmissionTime,Deadline,Tardinessweight,MinExecTime,MaxExecTime,ExecutionTime,CompletionPercent,StartTime,FinishTime,Nodes,VMType,GpuType,GpuNumber,cost,Tardiness,VMcost,TardinessCost,TotalCost
1,11114,tf_alexnet,130000,343,256,J90,JJ1,0,372298,0.0149993,60663.3,494238,11114,5.64229,0,0,n1,In-house server 1,Quadro P600,1,0.11,0,0.339594,0,0.339594
2,22137,tf_resnet50,130000,86,64,J140,JJ2,11114,166371,0.00820137,57423.3,361924,11023,19.196,11114,0,n2,In-house server 2,GTX 1080Ti,8,1.13,0,1.84533,0,1.84533
2,22137,tf_alexnet,130000,343,256,J90,JJ1,0,372298,0.0149993,57240.5,466351,11023,11.0518,0,0,n1,In-house server 1,Quadro P600,2,0.11,0,0.336814,0,0.336814
3,33317,pytorch_resnet50,130000,63,16,J46,JJ3,22137,395456,0.00898677,78756.1,363367,11180,9.0763,22137,0,n1,In-house server 3,Quadro P600,8,0.44,0,1.36644,0,1.36644
3,33317,tf_alexnet,130000,343,256,J90,JJ1,0,372298,0.0149993,53958.9,439615,11180,16.5384,0,0,n3,In-house server 1,Quadro P600,2,0.11,0,0.341611,0,0.341611
3,33317,tf_resnet50,130000,86,64,J140,JJ2,11114,166371,0.00820137,46400.3,292449,11180,38.6655,11114,0,n2,In-house server 2,GTX 1080Ti,8,1.13,0,1.87161,0,1.87161
4,44501,pytorch_alexnet,130000,952,1024,J20,JJ4,33317,736697,0.00377904,49145.6,364215,11184,6.82013,33317,0,n1,In-house server 3,Quadro P600,2,0.44,0,0.273387,0,0.273387
4,44501,tf_resnet50,130000,86,64,J140,JJ2,11114,166371,0.00820137,35220.3,221984,11184,58.1419,11114,0,n2,In-house server 2,GTX 1080Ti,8,1.13,0,1.87228,0,1.87228
4,44501,tf_alexnet,130000,343,256,J90,JJ1,0,372298,0.0149993,50630.5,412498,11184,22.027,0,0,n1,In-house server 3,Quadro P600,2,0.44,0,0.273387,0,0.273387
4,44501,pytorch_resnet50,130000,63,16,J46,JJ3,22137,395456,0.00898677,71608,330387,11184,14.3236,22137,0,n1,In-house server 3,Quadro P600,2,0.44,0,0.273387,0,0.273387
5,55527,pytorch_resnet50,130000,63,16,J46,JJ3,22137,395456,0.00898677,67475.4,311320,11026,19.4967,22137,0,n3,In-house server 3,Quadro P600,2,0.44,0,0.269524,0,0.269524
5,55527,pytorch_alexnet,130000,952,1024,J20,JJ4,33317,736697,0.00377904,45793.8,339375,11026,13.5439,33317,0,n3,In-house server 3,Quadro P600,2,0.44,0,0.269524,0,0.269524
5,55527,tf_resnet50,130000,52,8,J141,JJ5,44501,193549,0.0132068,94687.4,403340,11026,8.34868,44501,0,n1,Standard_NC6,K80,1,0.56,0,1.71516,0,1.71516
5,55527,tf_alexnet,130000,343,256,J90,JJ1,0,372298,0.0149993,47301,385372,11026,27.438,0,0,n3,In-house server 3,Quadro P600,2,0.44,0,0.269524,0,0.269524
5,55527,tf_resnet50,130000,86,64,J140,JJ2,11114,166371,0.00820137,24036.3,151494,11026,77.3432,11114,0,n2,In-house server 2,GTX 1080Ti,8,1.13,0,1.84583,0,1.84583
6,66785,pytorch_vgg19,130000,8111,32,J82,JJ6,55527,2.00695e+08,0.0149911,43200.5,1.81844e+08,11258,26.0599,55527,0,n3,In-house server 2,GTX 1080Ti,8,1.13,0,1.88467,0,1.88467
6,66785,tf_resnet50,130000,86,64,J140,JJ2,11114,166371,0.00820137,13010.3,82000.3,11258,80.481,11114,0,n1,In-house server 3,Quadro P600,1,0.44,0,0.105844,0,0.105844
6,66785,tf_resnet50,130000,52,8,J141,JJ5,44501,193549,0.0132068,86782.2,369667,11258,16.873,44501,0,n2,Standard_NC6,K80,1,0.56,0,1.75124,0,1.75124
6,66785,tf_alexnet,130000,343,256,J90,JJ1,0,372298,0.0149993,44018.5,358629,11258,32.9629,0,0,n1,In-house server 3,Quadro P600,2,0.44,0,0.211689,0,0.211689
6,66785,pytorch_resnet50,130000,63,16,J46,JJ3,22137,395456,0.00898677,63401.2,292522,11258,24.7787,22137,0,n1,In-house server 3,Quadro P600,2,0.44,0,0.211689,0,0.211689
6,66785,pytorch_alexnet,130000,952,1024,J20,JJ4,33317,736697,0.00377904,42489.3,314886,11258,20.4092,33317,0,n1,In-house server 3,Quadro P600,2,0.44,0,0.211689,0,0.211689
7,77845,pytorch_vgg19,130000,8111,32,J82,JJ6,55527,2.00695e+08,0.0149911,31942.5,1.34456e+08,11060,51.6614,55527,0,n3,In-house server 2,GTX 1080Ti,8,1.13,0,1.85153,0,1.85153
7,77845,tf_vgg19,130000,11,16,J166,JJ7,66785,568585,0.00739369,46791.5,661089,11060,2.32802,66785,0,n1,In-house server 3,Quadro P600,1,0.44,0,0.103983,0,0.103983
7,77845,tf_resnet50,130000,86,64,J140,JJ2,11114,166371,0.00820137,11208.4,70643.7,11060,83.5637,11114,0,n1,In-house server 3,Quadro P600,1,0.44,0,0.103983,0,0.103983
7,77845,tf_resnet50,130000,52,8,J141,JJ5,44501,193549,0.0132068,78710.7,335284,11060,25.2474,44501,0,n2,Standard_NC6,K80,1,0.56,0,1.72044,0,1.72044
7,77845,tf_alexnet,130000,343,256,J90,JJ1,0,372298,0.0149993,40666.9,331323,11060,38.5778,0,0,n1,In-house server 3,Quadro P600,1,0.44,0,0.103983,0,0.103983
7,77845,pytorch_resnet50,130000,63,16,J46,JJ3,22137,395456,0.00898677,59241.3,273329,11060,29.9678,22137,0,n1,In-house server 3,Quadro P600,2,0.44,0,0.207966,0,0.207966
7,77845,pytorch_alexnet,130000,952,1024,J20,JJ4,33317,736697,0.00377904,39115.4,289882,11060,27.1537,33317,0,n1,In-house server 3,Quadro P600,2,0.44,0,0.207966,0,0.207966
8,89142,pytorch_vgg19,130000,8111,32,J82,JJ6,55527,2.00695e+08,0.0149911,20882.5,8.79008e+07,11297,77.8116,55527,0,n4,In-house server 2,GTX 1080Ti,8,1.13,0,2.02629,0,2.02629
8,89142,pytorch_alexnet,130000,1240,1024,J16,JJ8,77845,869949,0.0125995,64139.2,474510,11297,5.28619,77845,0,n3,In-house server 1,Quadro P600,2,0.11,0,0.345186,0,0.345186
8,89142,tf_resnet50,130000,86,64,J140,JJ2,11114,166371,0.00820137,9438.26,59486.8,11297,86.7124,11114,0,n2,In-house server 3,Quadro P600,1,0.44,0,0.0920496,0,0.0920496
8,89142,tf_resnet50,130000,52,8,J141,JJ5,44501,193549,0.0132068,70781.2,301507,11297,33.8013,44501,0,n1,Standard_NC6,K80,1,0.56,0,1.75731,0,1.75731
8,89142,tf_alexnet,130000,343,256,J90,JJ1,0,372298,0.0149993,37260.7,303572,11297,44.1218,0,0,n2,In-house server 3,Quadro P600,2,0.44,0,0.184099,0,0.184099
8,89142,pytorch_resnet50,130000,63,16,J46,JJ3,22137,395456,0.00898677,55154.6,254474,11297,35.2681,22137,0,n2,In-house server 3,Quadro P600,2,0.44,0,0.184099,0,0.184099
8,89142,tf_vgg19,130000,11,16,J166,JJ7,66785,568585,0.00739369,45702.2,645698,11297,4.70594,66785,0,n2,In-house server 3,Quadro P600,1,0.44,0,0.0920496,0,0.0920496
8,89142,pytorch_alexnet,130000,952,1024,J20,JJ4,33317,736697,0.00377904,35800.7,265317,11297,34.0427,33317,0,n2,In-house server 3,Quadro P600,2,0.44,0,0.184099,0,0.184099
9,98727.5,pytorch_vgg19,130000,8111,32,J82,JJ6,55527,2.00695e+08,0.0149911,9585.5,4.03483e+07,9585.5,100,55527,98727.5,n4,In-house server 2,GTX 1080Ti,8,1.13,0,1.60468,0,1.60468
9,98727.5,pytorch_alexnet,130000,1240,1024,J16,JJ8,77845,869949,0.0125995,60748.7,449426,9585.5,9.77152,77845,0,n1,In-house server 3,Quadro P600,2,0.44,0,0.156208,0,0.156208
9,98727.5,pytorch_alexnet,130000,952,1024,J20,JJ4,33317,736697,0.00377904,32415.1,240226,9585.5,39.8881,33317,0,n1,In-house server 3,Quadro P600,2,0.44,0,0.156208,0,0.156208
9,98727.5,tf_resnet50,130000,52,8,J141,JJ5,44501,193549,0.0132068,62681.8,267006,9585.5,41.0593,44501,0,n2,Standard_NC6,K80,1,0.56,0,1.49108,0,1.49108
9,98727.5,tf_alexnet,130000,366,512,J95,JJ9,89142,274963,0.00855975,58474,483260,9585.5,14.3598,89142,0,n3,Standard_NV6,M60,1,0.62,0,1.65084,0,1.65084
9,98727.5,tf_resnet50,130000,86,64,J140,JJ2,11114,166371,0.00820137,7630.16,48090.9,9585.5,89.3841,11114,0,n1,In-house server 3,Quadro P600,1,0.44,0,0.0781041,0,0.0781041
9,98727.5,pytorch_resnet50,130000,63,16,J46,JJ3,22137,395456,0.00898677,50980.3,235214,9585.5,37.9061,22137,0,n1,In-house server 3,Quadro P600,1,0.44,0,0.0781041,0,0.0781041
9,98727.5,tf_alexnet,130000,343,256,J90,JJ1,0,372298,0.0149993,33897.6,276171,9585.5,48.9881,0,0,n1,In-house server 3,Quadro P600,1,0.44,0,0.0781041,0,0.0781041
9,98727.5,tf_vgg19,130000,11,16,J166,JJ7,66785,568585,0.00739369,44589.5,629978,9585.5,6.72359,66785,0,n1,In-house server 3,Quadro P600,1,0.44,0,0.0781041,0,0.0781041
10,100461,pytorch_alexnet,130000,952,1024,J20,JJ4,33317,736697,0.00377904,29542.3,218937,1733.5,43.4153,33317,0,n3,In-house server 3,Quadro P600,3,0.44,0,0.0635615,0,0.0635615
10,100461,pytorch_alexnet,130000,1240,1024,J16,JJ8,77845,869949,0.0125995,57871.8,428143,1733.5,12.4742,77845,0,n3,In-house server 3,Quadro P600,3,0.44,0,0.0635615,0,0.0635615
10,100461,tf_vgg19,130000,11,16,J166,JJ7,66785,568585,0.00739369,43645.4,616640,1733.5,7.08848,66785,0,n1,In-house server 3,Quadro P600,1,0.44,0,0.0151337,0,0.0151337
10,100461,tf_alexnet,130000,366,512,J95,JJ9,89142,274963,0.00855975,50077.3,413865,1733.5,15.2784,89142,0,n1,In-house server 3,Quadro P600,1,0.44,0,0.0151337,0,0.0151337
10,100461,tf_resnet50,130000,52,8,J141,JJ5,44501,193549,0.0132068,55809.4,237732,1733.5,42.3719,44501,0,n2,Standard_NC6,K80,1,0.56,0,0.269655,0,0.269655
10,100461,tf_resnet50,130000,86,64,J140,JJ2,11114,166371,0.00820137,6095.99,38421.4,1733.5,89.8631,11114,0,n1,In-house server 3,Quadro P600,2,0.44,0,0.0302674,0,0.0302674
10,100461,tf_alexnet,130000,343,256,J90,JJ1,0,372298,0.0149993,30945.5,252120,1733.5,49.8388,0,0,n1,In-house server 3,Quadro P600,2,0.44,0,0.0302674,0,0.0302674
10,100461,pytorch_resnet50,130000,63,16,J46,JJ3,22137,395456,0.00898677,48902.8,225629,1733.5,38.7194,22137,0,n1,In-house server 3,Quadro P600,2,0.44,0,0.0302674,0,0.0302674
11,111717,pytorch_alexnet,130000,1240,1024,J16,JJ8,77845,869949,0.0125995,56138.3,415318,11256,30.0236,77845,0,n3,In-house server 3,Quadro P600,3,0.44,0,0.41272,0,0.41272
11,111717,tf_resnet50,130000,126,32,J143,JJ10,100461,1.11585e+06,0.0113172,105828,590751,11256,1.90812,100461,0,n2,In-house server 3,Quadro P600,1,0.44,0,0.0917156,0,0.0917156
11,111717,tf_vgg19,130000,11,16,J166,JJ7,66785,568585,0.00739369,43474.7,614228,11256,9.45776,66785,0,n2,In-house server 3,Quadro P600,1,0.44,0,0.0917156,0,0.0917156
11,111717,pytorch_alexnet,130000,952,1024,J20,JJ4,33317,736697,0.00377904,27808.8,206090,11256,66.3187,33317,0,n3,In-house server 3,Quadro P600,3,0.44,0,0.41272,0,0.41272
11,111717,tf_alexnet,130000,366,512,J95,JJ9,89142,274963,0.00855975,49540.2,409426,11256,21.243,89142,0,n2,In-house server 3,Quadro P600,1,0.44,0,0.0917156,0,0.0917156
11,111717,tf_resnet50,130000,52,8,J141,JJ5,44501,193549,0.0132068,54566.6,232437,11256,52.219,44501,0,n1,Standard_NV6,M60,1,0.62,0,1.93853,0,1.93853
11,111717,tf_resnet50,130000,86,64,J140,JJ2,11114,166371,0.00820137,5820.95,36687.9,11256,92.9731,11114,0,n2,In-house server 3,Quadro P600,2,0.44,0,0.183431,0,0.183431
11,111717,tf_alexnet,130000,343,256,J90,JJ1,0,372298,0.0149993,30429.4,247916,11256,55.5532,0,0,n2,In-house server 3,Quadro P600,1,0.44,0,0.0917156,0,0.0917156
11,111717,pytorch_resnet50,130000,63,16,J46,JJ3,22137,395456,0.00898677,48262.2,222674,11256,44.0005,22137,0,n2,In-house server 3,Quadro P600,2,0.44,0,0.183431,0,0.183431
12,122749,pytorch_alexnet,130000,1240,1024,J16,JJ8,77845,869949,0.0125995,44882.3,332045,11032,35.1857,77845,0,n3,In-house server 3,Quadro P600,2,0.44,0,0.245156,0,0.245156
12,122749,tf_vgg19,130000,11,16,J166,JJ7,66785,568585,0.00739369,42366.1,598564,11032,11.7799,66785,0,n3,In-house server 3,Quadro P600,1,0.44,0,0.122578,0,0.122578
12,122749,pytorch_alexnet,130000,952,1024,J20,JJ4,33317,736697,0.00377904,16552.8,122672,11032,88.7663,33317,0,n3,In-house server 3,Quadro P600,3,0.44,0,0.367733,0,0.367733
12,122749,tf_resnet50,130000,52,8,J141,JJ5,44501,193549,0.0132068,45242.5,192720,11032,60.5723,44501,0,n2,Standard_NC6,K80,1,0.56,0,1.71609,0,1.71609
12,122749,tf_alexnet,130000,366,512,J95,JJ9,89142,274963,0.00855975,46052.4,380601,11032,26.871,89142,0,n1,In-house server 3,Quadro P600,2,0.44,0,0.192622,0,0.192622
12,122749,tf_resnet50,130000,86,64,J140,JJ2,11114,166371,0.00820137,4035.06,25431.9,11032,96.0213,11114,0,n1,In-house server 3,Quadro P600,2,0.44,0,0.192622,0,0.192622
12,122749,tf_alexnet,130000,343,256,J90,JJ1,0,372298,0.0149993,26962.9,219673,11032,61.1538,0,0,n1,In-house server 3,Quadro P600,1,0.44,0,0.0963111,0,0.0963111
12,122749,pytorch_resnet50,130000,63,16,J46,JJ3,22137,395456,0.00898677,44103.1,203484,11032,49.1764,22137,0,n1,In-house server 3,Quadro P600,2,0.44,0,0.192622,0,0.192622
12,122749,tf_resnet50,130000,126,32,J143,JJ10,100461,1.11585e+06,0.0113172,103809,579479,11032,3.77827,100461,0,n3,In-house server 3,Quadro P600,1,0.44,0,0.122578,0,0.122578
12,122749,tf_resnet50,130000,86,64,J140,JJ11,111717,524358,0.00406534,57423.3,361924,11032,3.07486,111717,0,n1,In-house server 3,Quadro P600,1,0.44,0,0.0963111,0,0.0963111
13,128270,pytorch_alexnet,130000,1240,1024,J16,JJ8,77845,869949,0.0125995,41571.3,307550,5520.84,43.7933,77845,0,n3,In-house server 3,Quadro P600,3,0.44,0,0.202431,0,0.202431
13,128270,pytorch_alexnet,130000,952,1024,J20,JJ4,33317,736697,0.00377904,5520.84,40914.7,5520.84,100,33317,128270,n3,In-house server 3,Quadro P600,3,0.44,0,0.202431,0,0.202431
13,128270,tf_vgg19,130000,11,16,J166,JJ7,66785,568585,0.00739369,41279.5,583213,5520.84,12.942,66785,0,n1,In-house server 3,Quadro P600,1,0.44,0,0.0449847,0,0.0449847
13,128270,tf_resnet50,130000,126,32,J143,JJ10,100461,1.11585e+06,0.0113172,101830,568431,5520.84,4.71416,100461,0,n1,In-house server 3,Quadro P600,1,0.44,0,0.0449847,0,0.0449847
13,128270,tf_resnet50,130000,86,64,J140,JJ11,111717,524358,0.00406534,55657.6,350795,5520.84,4.60028,111717,0,n1,In-house server 3,Quadro P600,2,0.44,0,0.0899693,0,0.0899693
13,128270,tf_resnet50,130000,52,8,J141,JJ5,44501,193549,0.0132068,37333.1,159028,5520.84,64.7525,44501,0,n2,Standard_NC12,K80,1,1.13,0,0.866466,0,0.866466
13,128270,tf_alexnet,130000,366,512,J95,JJ9,89142,274963,0.00855975,42761.5,353403,5520.84,29.7966,89142,0,n1,In-house server 3,Quadro P600,1,0.44,0,0.0449847,0,0.0449847
13,128270,tf_resnet50,130000,86,64,J140,JJ2,11114,166371,0.00820137,2284.71,14399.9,5520.84,97.5601,11114,0,n1,In-house server 3,Quadro P600,1,0.44,0,0.0449847,0,0.0449847
13,128270,pytorch_resnet50,130000,63,16,J46,JJ3,22137,395456,0.00898677,40026.7,184676,5520.84,50.6958,22137,0,n1,In-house server 3,Quadro P600,1,0.44,0,0.0449847,0,0.0449847
13,128270,tf_alexnet,130000,343,256,J90,JJ1,0,372298,0.0149993,23565.4,191992,5520.84,63.9566,0,0,n1,In-house server 3,Quadro P600,1,0.44,0,0.0449847,0,0.0449847
13,128270,tf_resnet50,130000,75,8,J121,JJ12,122749,498264,0.0063803,136618,581562,5520.84,2.89799,122749,0,n2,Standard_NC12,K80,1,1.13,0,0.866466,0,0.866466
14,133968,tf_resnet50,130000,75,8,J121,JJ12,122749,498264,0.0063803,132659,564708,5698.16,5.88905,122749,0,n1,Standard_NC12,K80,1,1.13,0,0.894294,0,0.894294
14,133968,pytorch_alexnet,130000,1240,1024,J16,JJ8,77845,869949,0.0125995,36050.5,266706,5698.16,46.4597,77845,0,n3,In-house server 1,Quadro P600,2,0.11,0,0.17411,0,0.17411
14,133968,tf_vgg19,130000,11,16,J166,JJ7,66785,568585,0.00739369,40735.7,575531,5698.16,14.1414,66785,0,n2,In-house server 3,Quadro P600,1,0.44,0,0.0464294,0,0.0464294
14,133968,tf_resnet50,130000,126,32,J143,JJ10,100461,1.11585e+06,0.0113172,100839,562902,5698.16,5.68011,100461,0,n2,In-house server 3,Quadro P600,1,0.44,0,0.0464294,0,0.0464294
14,133968,tf_resnet50,130000,86,64,J140,JJ11,111717,524358,0.00406534,54781.7,345274,5698.16,6.18848,111717,0,n2,In-house server 3,Quadro P600,1,0.44,0,0.0464294,0,0.0464294
14,133968,tf_resnet50,130000,86,64,J140,JJ2,11114,166371,0.00820137,1401.09,8830.7,5698.16,99.1483,11114,0,n2,In-house server 3,Quadro P600,1,0.44,0,0.0464294,0,0.0464294
14,133968,tf_resnet50,130000,52,8,J141,JJ5,44501,193549,0.0132068,33374.9,142167,5698.16,69.0671,44501,0,n1,Standard_NC12,K80,1,1.13,0,0.894294,0,0.894294
14,133968,tf_alexnet,130000,366,512,J95,JJ9,89142,274963,0.00855975,41050.8,339265,5698.16,32.8161,89142,0,n2,In-house server 3,Quadro P600,1,0.44,0,0.0464294,0,0.0464294
14,133968,tf_alexnet,130000,343,256,J90,JJ1,0,372298,0.0149993,21865.1,178140,5698.16,66.8494,0,0,n2,In-house server 3,Quadro P600,1,0.44,0,0.0464294,0,0.0464294
14,133968,pytorch_resnet50,130000,63,16,J46,JJ3,22137,395456,0.00898677,38830.1,179155,5698.16,53.3692,22137,0,n2,In-house server 3,Quadro P600,2,0.44,0,0.0928588,0,0.0928588
15,137024,pytorch_alexnet,130000,1240,1024,J16,JJ8,77845,869949,0.0125995,34340.3,254054,3055.86,47.8896,77845,0,n3,In-house server 3,Quadro P600,2,0.44,0,0.0679081,0,0.0679081
15,137024,pytorch_resnet50,130000,86,8,J33,JJ13,133968,1.17884e+06,0.00751855,148027,546170,3055.86,0.559509,133968,0,n3,In-house server 3,Quadro P600,1,0.44,0,0.033954,0,0.033954
15,137024,tf_vgg19,130000,11,16,J166,JJ7,66785,568585,0.00739369,40174.5,567602,3055.86,14.7846,66785,0,n3,In-house server 3,Quadro P600,1,0.44,0,0.033954,0,0.033954
15,137024,tf_resnet50,130000,126,32,J143,JJ10,100461,1.11585e+06,0.0113172,99817.1,557196,3055.86,6.1974,100461,0,n3,In-house server 3,Quadro P600,2,0.44,0,0.0679081,0,0.0679081
15,137024,tf_resnet50,130000,86,64,J140,JJ11,111717,524358,0.00406534,53869.7,339526,3055.86,7.04021,111717,0,n1,In-house server 3,Quadro P600,1,0.44,0,0.0248996,0,0.0248996
15,137024,tf_alexnet,130000,366,512,J95,JJ9,89142,274963,0.00855975,39285.2,324673,3055.86,34.375,89142,0,n1,In-house server 3,Quadro P600,2,0.44,0,0.0497992,0,0.0497992
15,137024,tf_resnet50,130000,52,8,J141,JJ5,44501,193549,0.0132068,29289.6,124765,3055.86,71.3809,44501,0,n2,Standard_NC12,K80,1,1.13,0,0.479601,0,0.479601
15,137024,tf_resnet50,130000,86,64,J140,JJ2,11114,166371,0.00820137,489.095,3082.63,3055.86,100,11114,137024,n1,In-house server 3,Quadro P600,1,0.44,0,0.0248996,0,0.0248996
15,137024,tf_resnet50,130000,75,8,J121,JJ12,122749,498264,0.0063803,128573,547313,3055.86,7.49312,122749,0,n2,Standard_NC12,K80,1,1.13,0,0.479601,0,0.479601
15,137024,tf_alexnet,130000,343,256,J90,JJ1,0,372298,0.0149993,20110.2,163843,3055.86,68.3491,0,0,n1,In-house server 3,Quadro P600,2,0.44,0,0.0497992,0,0.0497992
15,137024,pytorch_resnet50,130000,63,16,J46,JJ3,22137,395456,0.00898677,36724.6,169441,3055.86,54.803,22137,0,n1,In-house server 3,Quadro P600,2,0.44,0,0.0497992,0,0.0497992
16,145125,tf_resnet50,130000,75,8,J121,JJ12,122749,498264,0.0063803,126381,537984,8101.14,11.7455,122749,0,n1,Standard_NC12,K80,1,1.13,0,1.27143,0,1.27143
16,145125,pytorch_resnet50,130000,86,8,J33,JJ13,133968,1.17884e+06,0.00751855,147199,543115,8101.14,2.69993,133968,0,n3,In-house server 3,Quadro P600,2,0.44,0,0.180025,0,0.180025
16,145125,pytorch_alexnet,130000,1240,1024,J16,JJ8,77845,869949,0.0125995,33423.2,247269,8101.14,60.5202,77845,0,n3,In-house server 3,Quadro P600,3,0.44,0,0.270038,0,0.270038
16,145125,tf_vgg19,130000,11,16,J166,JJ7,66785,568585,0.00739369,39873.6,563349,8101.14,16.4898,66785,0,n2,In-house server 3,Quadro P600,1,0.44,0,0.0660093,0,0.0660093
16,145125,tf_alexnet,130000,366,512,J95,JJ9,89142,274963,0.00855975,38373.6,317139,8101.14,38.6679,89142,0,n2,In-house server 3,Quadro P600,1,0.44,0,0.0660093,0,0.0660093
16,145125,tf_resnet50,130000,52,8,J141,JJ5,44501,193549,0.0132068,27098.6,115432,8101.14,77.5149,44501,0,n1,Standard_NC12,K80,1,1.13,0,1.27143,0,1.27143
16,145125,pytorch_resnet50,130000,63,16,J46,JJ3,22137,395456,0.00898677,35595.4,164231,8101.14,58.6038,22137,0,n2,In-house server 3,Quadro P600,2,0.44,0,0.132019,0,0.132019
16,145125,tf_alexnet,130000,343,256,J90,JJ1,0,372298,0.0149993,19200.5,156431,8101.14,72.4619,0,0,n2,In-house server 3,Quadro P600,1,0.44,0,0.0660093,0,0.0660093
16,145125,tf_resnet50,130000,126,32,J143,JJ10,100461,1.11585e+06,0.0113172,99269.7,554140,8101.14,7.56872,100461,0,n3,In-house server 3,Quadro P600,2,0.44,0,0.180025,0,0.180025
16,145125,tf_resnet50,130000,86,64,J140,JJ11,111717,524358,0.00406534,53380.6,336443,8101.14,9.27857,111717,0,n2,In-house server 3,Quadro P600,2,0.44,0,0.132019,0,0.132019
17,156236,pytorch_alexnet,130000,1240,1024,J16,JJ8,77845,869949,0.0125995,25322,187336,11111,62.8617,77845,0,n1,In-house server 3,Quadro P600,1,0.44,0,0.0905341,0,0.0905341
17,156236,pytorch_resnet50,130000,3676,32,J59,JJ14,145125,1.23654e+07,0.003575,43201.9,2.0131e+07,11111,25.7188,145125,0,n4,In-house server 3,Quadro P600,8,0.44,0,0.724273,0,0.724273
17,156236,pytorch_resnet50,130000,86,8,J33,JJ13,133968,1.17884e+06,0.00751855,144030,531424,11111,4.73429,133968,0,n1,In-house server 3,Quadro P600,1,0.44,0,0.0905341,0,0.0905341
17,156236,tf_vgg19,130000,11,16,J166,JJ7,66785,568585,0.00739369,39075.7,552076,11111,18.8286,66785,0,n1,In-house server 3,Quadro P600,1,0.44,0,0.0905341,0,0.0905341
17,156236,tf_resnet50,130000,52,8,J141,JJ5,44501,193549,0.0132068,21290.5,90691.2,11111,87.2353,44501,0,n2,Standard_NV6,M60,1,0.62,0,1.91356,0,1.91356
17,156236,tf_alexnet,130000,366,512,J95,JJ9,89142,274963,0.00855975,35863.4,296393,11111,44.5557,89142,0,n1,In-house server 3,Quadro P600,1,0.44,0,0.0905341,0,0.0905341
17,156236,pytorch_resnet50,130000,63,16,J46,JJ3,22137,395456,0.00898677,32602,150420,11111,61.6616,22137,0,n1,In-house server 3,Quadro P600,1,0.44,0,0.0905341,0,0.0905341
17,156236,tf_alexnet,130000,343,256,J90,JJ1,0,372298,0.0149993,16705.5,136104,11111,78.1026,0,0,n1,In-house server 3,Quadro P600,1,0.44,0,0.0905341,0,0.0905341
17,156236,tf_resnet50,130000,75,8,J121,JJ12,122749,498264,0.0063803,120572,513254,11111,17.5779,122749,0,n3,Standard_NC6,K80,1,0.56,0,1.72838,0,1.72838
17,156236,tf_resnet50,130000,126,32,J143,JJ10,100461,1.11585e+06,0.0113172,97818.4,546039,11111,9.45226,100461,0,n1,In-house server 3,Quadro P600,1,0.44,0,0.0905341,0,0.0905341
17,156236,tf_resnet50,130000,86,64,J140,JJ11,111717,524358,0.00406534,52095.2,328342,11111,12.3754,111717,0,n1,In-house server 3,Quadro P600,1,0.44,0,0.0905341,0,0.0905341
18,167368,pytorch_resnet50,130000,257,64,J48,JJ15,156236,1.25217e+06,0.0107998,43327.3,1.37022e+06,11132,4.19532,156236,0,n1,Standard_NV12,M60,2,1.24,0,1.91718,0,1.91718
18,167368,tf_resnet50,130000,86,64,J140,JJ11,111717,524358,0.00406534,50316.9,317134,11132,15.4512,111717,0,n2,In-house server 3,Quadro P600,2,0.44,0,0.18141,0,0.18141
18,167368,tf_resnet50,130000,126,32,J143,JJ10,100461,1.11585e+06,0.0113172,95825.1,534912,11132,11.3394,100461,0,n2,In-house server 3,Quadro P600,1,0.44,0,0.0907052,0,0.0907052
18,167368,pytorch_resnet50,130000,63,16,J46,JJ3,22137,395456,0.00898677,30193.8,139309,11132,64.7252,22137,0,n2,In-house server 3,Quadro P600,1,0.44,0,0.0907052,0,0.0907052
18,167368,tf_alexnet,130000,343,256,J90,JJ1,0,372298,0.0149993,13283.7,108225,11132,83.7541,0,0,n2,In-house server 3,Quadro P600,1,0.44,0,0.0907052,0,0.0907052
18,167368,tf_resnet50,130000,52,8,J141,JJ5,44501,193549,0.0132068,12086.6,51485.2,11132,96.974,44501,0,n1,Standard_NV12,M60,1,1.24,0,0.958589,0,0.958589
18,167368,tf_alexnet,130000,366,512,J95,JJ9,89142,274963,0.00855975,32420.5,267940,11132,50.2347,89142,0,n2,In-house server 3,Quadro P600,2,0.44,0,0.18141,0,0.18141
18,167368,tf_resnet50,130000,75,8,J121,JJ12,122749,498264,0.0063803,112604,479335,11132,23.4213,122749,0,n3,Standard_NC6,K80,1,0.56,0,1.73164,0,1.73164
18,167368,tf_vgg19,130000,11,16,J166,JJ7,66785,568585,0.00739369,37981.3,536615,11132,21.1718,66785,0,n2,In-house server 3,Quadro P600,1,0.44,0,0.0907052,0,0.0907052
18,167368,pytorch_alexnet,130000,1240,1024,J16,JJ8,77845,869949,0.0125995,23820.2,176225,11132,80.2177,77845,0,n4,In-house server 3,Quadro P600,3,0.44,0,0.371067,0,0.371067
18,167368,pytorch_resnet50,130000,86,8,J33,JJ13,133968,1.17884e+06,0.00751855,141019,520313,11132,7.67551,133968,0,n4,In-house server 3,Quadro P600,2,0.44,0,0.247378,0,0.247378
18,167368,pytorch_resnet50,130000,3676,32,J59,JJ14,145125,1.23654e+07,0.003575,32090.9,1.49535e+07,11132,25.8241,145125,0,n4,In-house server 3,Quadro P600,2,0.44,0,0.247378,0,0.247378
19,170827,tf_resnet50,130000,126,32,J143,JJ10,100461,1.11585e+06,0.0113172,93828,523764,3458.92,13.0354,100461,0,n4,Standard_NV24X,M60,1,4.96,0,0.433238,0,0.433238
19,170827,pytorch_resnet50,130000,3676,32,J59,JJ14,145125,1.23654e+07,0.003575,32045.4,1.49323e+07,3458.92,25.8831,145125,0,n4,Standard_NV24X,M60,1,4.96,0,0.433238,0,0.433238
19,170827,pytorch_resnet50,130000,63,16,J46,JJ3,22137,395456,0.00898677,27781.1,128177,3458.92,67.5333,22137,0,n2,In-house server 3,Quadro P600,8,0.44,0,0.422756,0,0.422756
19,170827,tf_alexnet,130000,343,256,J90,JJ1,0,372298,0.0149993,9855.33,80293.6,3458.92,85.4515,0,0,n1,In-house server 3,Quadro P600,2,0.44,0,0.0603938,0,0.0603938
19,170827,pytorch_alexnet,130000,1121,512,J31,JJ16,167368,546775,0.0140554,75677.6,439956,3458.92,1.67455,167368,0,n1,In-house server 3,Quadro P600,2,0.44,0,0.0603938,0,0.0603938
19,170827,tf_resnet50,130000,86,64,J140,JJ11,111717,524358,0.00406534,48550.7,306002,3458.92,16.4069,111717,0,n1,In-house server 3,Quadro P600,2,0.44,0,0.0603938,0,0.0603938
19,170827,tf_alexnet,130000,366,512,J95,JJ9,89142,274963,0.00855975,29099.8,240496,3458.92,51.9993,89142,0,n1,In-house server 3,Quadro P600,2,0.44,0,0.0603938,0,0.0603938
19,170827,tf_resnet50,130000,52,8,J141,JJ5,44501,193549,0.0132068,2865.24,12205.1,3458.92,100,44501,170827,n4,Standard_NV24X,M60,1,4.96,0,0.433238,0,0.433238
19,170827,tf_resnet50,130000,75,8,J121,JJ12,122749,498264,0.0063803,104621,445352,3458.92,25.2369,122749,0,n3,Standard_NC12,K80,1,1.13,0,0.542857,0,0.542857
19,170827,tf_vgg19,130000,11,16,J166,JJ7,66785,568585,0.00739369,36884.9,521125,3458.92,25.845,66785,0,n4,Standard_NV24X,M60,1,4.96,0,0.433238,0,0.433238
19,170827,pytorch_alexnet,130000,1240,1024,J16,JJ8,77845,869949,0.0125995,12688.2,93868.7,3458.92,81.9639,77845,0,n3,Standard_NC12,K80,1,1.13,0,0.542857,0,0.542857
19,170827,pytorch_resnet50,130000,86,8,J33,JJ13,133968,1.17884e+06,0.00751855,136665,504249,3458.92,9.61288,133968,0,n4,Standard_NV24X,M60,1,4.96,0,0.433238,0,0.433238
19,170827,pytorch_resnet50,130000,257,64,J48,JJ15,156236,1.25217e+06,0.0107998,41509.6,1.31274e+06,3458.92,5.08289,156236,0,n4,Standard_NV24X,M60,1,4.96,0,0.433238,0,0.433238
20,178710,pytorch_resnet50,130000,257,64,J48,JJ15,156236,1.25217e+06,0.0107998,41125,1.30058e+06,7883.08,6.25337,156236,0,n4,In-house server 3,Quadro P600,2,0.44,0,0.17518,0,0.17518
20,178710,tf_resnet50,130000,86,64,J140,JJ11,111717,524358,0.00406534,48001.9,302543,7883.08,18.585,111717,0,n1,In-house server 3,Quadro P600,2,0.44,0,0.128465,0,0.128465
20,178710,tf_resnet50,130000,126,32,J143,JJ10,100461,1.11585e+06,0.0113172,92033.1,513745,7883.08,14.3717,100461,0,n3,In-house server 3,Quadro P600,1,0.44,0,0.0802907,0,0.0802907
20,178710,pytorch_alexnet,130000,1121,512,J31,JJ16,167368,546775,0.0140554,74410.3,432588,7883.08,12.0912,167368,0,n4,In-house server 3,Quadro P600,3,0.44,0,0.262769,0,0.262769
20,178710,tf_alexnet,130000,366,512,J95,JJ9,89142,274963,0.00855975,28068,231968,7883.08,56.0208,89142,0,n1,In-house server 3,Quadro P600,2,0.44,0,0.128465,0,0.128465
20,178710,tf_resnet50,130000,75,8,J121,JJ12,122749,498264,0.0063803,102140,434793,7883.08,29.3749,122749,0,n2,Standard_NC6,K80,1,0.56,0,1.22626,0,1.22626
20,178710,tf_alexnet,130000,343,256,J90,JJ1,0,372298,0.0149993,8825.59,71904.1,7883.08,89.4536,0,0,n1,In-house server 3,Quadro P600,1,0.44,0,0.0642325,0,0.0642325
20,178710,pytorch_resnet50,130000,63,16,J46,JJ3,22137,395456,0.00898677,25569.5,117973,7883.08,71.2318,22137,0,n1,In-house server 3,Quadro P600,2,0.44,0,0.128465,0,0.128465
20,178710,tf_vgg19,130000,11,16,J166,JJ7,66785,568585,0.00739369,34698.2,490230,7883.08,27.5043,66785,0,n1,In-house server 3,Quadro P600,1,0.44,0,0.0642325,0,0.0642325
20,178710,pytorch_alexnet,130000,1240,1024,J16,JJ8,77845,869949,0.0125995,11568.2,85582.9,7883.08,94.2545,77845,0,n3,In-house server 3,Quadro P600,3,0.44,0,0.240872,0,0.240872
20,178710,pytorch_resnet50,130000,86,8,J33,JJ13,133968,1.17884e+06,0.00751855,133797,493668,7883.08,11.6957,133968,0,n3,In-house server 3,Quadro P600,2,0.44,0,0.160581,0,0.160581
20,178710,pytorch_resnet50,130000,3676,32,J59,JJ14,145125,1.23654e+07,0.003575,32019.9,1.49204e+07,7883.08,25.9577,145125,0,n4,In-house server 3,Quadro P600,2,0.44,0,0.17518,0,0.17518
21,182395,tf_resnet50,130000,126,32,J143,JJ10,100461,1.11585e+06,0.0113172,90618.9,505850,3685.11,14.9964,100461,0,n4,In-house server 3,Quadro P600,1,0.44,0,0.0409457,0,0.0409457
21,182395,tf_resnet50,130000,86,64,J140,JJ11,111717,524358,0.00406534,46751.1,294660,3685.11,19.6032,111717,0,n1,In-house server 3,Quadro P600,2,0.44,0,0.0600537,0,0.0600537
21,182395,pytorch_alexnet,130000,1121,512,J31,JJ16,167368,546775,0.0140554,66527.3,386760,3685.11,13.8753,167368,0,n3,In-house server 3,Quadro P600,2,0.44,0,0.0692927,0,0.0692927
21,182395,tf_resnet50,130000,75,8,J121,JJ12,122749,498264,0.0063803,96486.9,410728,3685.11,31.6096,122749,0,n2,Standard_NV6,M60,1,0.62,0,0.634658,0,0.634658
21,182395,tf_alexnet,130000,343,256,J90,JJ1,0,372298,0.0149993,6397.82,52124.5,3685.11,91.262,0,0,n1,In-house server 3,Quadro P600,2,0.44,0,0.0600537,0,0.0600537
21,182395,pytorch_resnet50,130000,63,16,J46,JJ3,22137,395456,0.00898677,22656.7,104534,3685.11,72.9608,22137,0,n1,In-house server 3,Quadro P600,2,0.44,0,0.0600537,0,0.0600537
21,182395,tf_alexnet,130000,366,512,J95,JJ9,89142,274963,0.00855975,25716.4,212534,3685.11,57.9736,89142,0,n1,In-house server 3,Quadro P600,1,0.44,0,0.0300268,0,0.0300268
21,182395,tf_vgg19,130000,11,16,J166,JJ7,66785,568585,0.00739369,33921.8,479261,3685.11,28.28,66785,0,n1,In-house server 3,Quadro P600,1,0.44,0,0.0300268,0,0.0300268
21,182395,pytorch_resnet50,130000,3564,32,J51,JJ17,178710,1.84849e+07,0.0140526,43200.7,1.95181e+07,3685.11,0.0359728,178710,0,n4,In-house server 3,Quadro P600,2,0.44,0,0.0818914,0,0.0818914
21,182395,pytorch_alexnet,130000,1240,1024,J16,JJ8,77845,869949,0.0125995,3685.11,27262.9,3685.11,100,77845,182395,n3,In-house server 3,Quadro P600,3,0.44,0,0.103939,0,0.103939
21,182395,pytorch_resnet50,130000,86,8,J33,JJ13,133968,1.17884e+06,0.00751855,130714,482292,3685.11,12.3704,133968,0,n3,In-house server 3,Quadro P600,1,0.44,0,0.0346463,0,0.0346463
21,182395,pytorch_resnet50,130000,257,64,J48,JJ15,156236,1.25217e+06,0.0107998,40617.9,1.28454e+06,3685.11,11.2343,156236,0,n4,In-house server 3,Quadro P600,5,0.44,0,0.204728,0,0.204728
21,182395,pytorch_resnet50,130000,3676,32,J59,JJ14,145125,1.23654e+07,0.003575,31987.7,1.49054e+07,3685.11,25.9926,145125,0,n3,In-house server 3,Quadro P600,2,0.44,0,0.0692927,0,0.0692927
22,189941,tf_resnet50,130000,126,32,J143,JJ10,100461,1.11585e+06,0.0113172,89957.8,502160,7545.89,16.2756,100461,0,n3,In-house server 3,Quadro P600,1,0.44,0,0.061485,0,0.061485
22,189941,tf_resnet50,130000,86,64,J140,JJ11,111717,524358,0.00406534,46166.5,290975,7545.89,21.7064,111717,0,n1,In-house server 3,Quadro P600,1,0.44,0,0.0658768,0,0.0658768
22,189941,pytorch_alexnet,130000,1121,512,J31,JJ16,167368,546775,0.0140554,65177.1,378911,7545.89,17.5285,167368,0,n1,In-house server 3,Quadro P600,2,0.44,0,0.131754,0,0.131754
22,189941,tf_resnet50,130000,75,8,J121,JJ12,122749,498264,0.0063803,93433.8,397732,7545.89,35.5706,122749,0,n2,Standard_NC6,K80,1,0.56,0,1.1738,0,1.1738
22,189941,tf_alexnet,130000,343,256,J90,JJ1,0,372298,0.0149993,5300.74,43186.3,7545.89,94.9652,0,0,n1,In-house server 3,Quadro P600,2,0.44,0,0.131754,0,0.131754
22,189941,pytorch_resnet50,130000,63,16,J46,JJ3,22137,395456,0.00898677,21295,98251.6,7545.89,76.5011,22137,0,n1,In-house server 3,Quadro P600,2,0.44,0,0.131754,0,0.131754
22,189941,tf_alexnet,130000,366,512,J95,JJ9,89142,274963,0.00855975,24574.5,203097,7545.89,61.9722,89142,0,n1,In-house server 3,Quadro P600,1,0.44,0,0.0658768,0,0.0658768
22,189941,tf_vgg19,130000,11,16,J166,JJ7,66785,568585,0.00739369,33558.9,474133,7545.89,29.8683,66785,0,n3,In-house server 3,Quadro P600,1,0.44,0,0.061485,0,0.061485
22,189941,pytorch_resnet50,130000,86,8,J33,JJ13,133968,1.17884e+06,0.00751855,129715,478607,7545.89,14.3641,133968,0,n3,In-house server 3,Quadro P600,2,0.44,0,0.12297,0,0.12297
22,189941,pytorch_resnet50,130000,3564,32,J51,JJ17,178710,1.84849e+07,0.0140526,43185.1,1.95111e+07,7545.89,0.109633,178710,0,n3,In-house server 3,Quadro P600,2,0.44,0,0.12297,0,0.12297
22,189941,pytorch_resnet50,130000,257,64,J48,JJ15,156236,1.25217e+06,0.0107998,38459.8,1.21629e+06,7545.89,12.3547,156236,0,n3,In-house server 3,Quadro P600,2,0.44,0,0.12297,0,0.12297
22,189941,pytorch_resnet50,130000,3676,32,J59,JJ14,145125,1.23654e+07,0.003575,31972.6,1.48984e+07,7545.89,43.4591,145125,0,n4,In-house server 3,Quadro P600,8,0.44,0,0.49188,0,0.49188
23,199858,pytorch_resnet50,130000,257,64,J48,JJ15,156236,1.25217e+06,0.0107998,37974.3,1.20094e+06,9917.42,16.0923,156236,0,n2,Standard_NV12,M60,2,1.24,0,1.708,0,1.708
23,199858,pytorch_resnet50,130000,3564,32,J51,JJ17,178710,1.84849e+07,0.0140526,43153.3,1.94967e+07,9917.42,0.206444,178710,0,n4,In-house server 3,Quadro P600,2,0.44,0,0.173161,0,0.173161
23,199858,pytorch_resnet50,130000,63,16,J46,JJ3,22137,395456,0.00898677,18506.8,85387.1,9917.42,81.1542,22137,0,n1,In-house server 3,Quadro P600,2,0.44,0,0.173161,0,0.173161
23,199858,tf_alexnet,130000,343,256,J90,JJ1,0,372298,0.0149993,3054.29,24884,9917.42,100,0,199858,n1,In-house server 3,Quadro P600,1,0.44,0,0.0865807,0,0.0865807
23,199858,tf_alexnet,130000,366,512,J95,JJ9,89142,274963,0.00855975,22236.4,183773,9917.42,67.0316,89142,0,n1,In-house server 3,Quadro P600,2,0.44,0,0.173161,0,0.173161
23,199858,tf_resnet50,130000,75,8,J121,JJ12,122749,498264,0.0063803,88022.4,374697,9917.42,40.7764,122749,0,n3,Standard_NC6,K80,1,0.56,0,1.54271,0,1.54271
23,199858,tf_resnet50,130000,86,64,J140,JJ11,111717,524358,0.00406534,44958.7,283363,9917.42,24.4707,111717,0,n1,In-house server 3,Quadro P600,1,0.44,0,0.0865807,0,0.0865807
23,199858,tf_vgg19,130000,14,32,J167,JJ18,189941,391352,0.0144979,45374.8,685005,9917.42,13.9457,189941,0,n2,Standard_NV12,M60,1,1.24,0,0.854,0,0.854
23,199858,tf_resnet50,130000,126,32,J143,JJ10,100461,1.11585e+06,0.0113172,88604.1,494603,9917.42,17.9568,100461,0,n1,In-house server 3,Quadro P600,1,0.44,0,0.0865807,0,0.0865807
23,199858,pytorch_alexnet,130000,1121,512,J31,JJ16,167368,546775,0.0140554,62412.5,362838,9917.42,22.3297,167368,0,n4,In-house server 3,Quadro P600,2,0.44,0,0.173161,0,0.173161
23,199858,tf_vgg19,130000,11,16,J166,JJ7,66785,568585,0.00739369,32815.7,463632,9917.42,31.9559,66785,0,n1,In-house server 3,Quadro P600,1,0.44,0,0.0865807,0,0.0865807
23,199858,pytorch_resnet50,130000,86,8,J33,JJ13,133968,1.17884e+06,0.00751855,126764,467718,9917.42,16.9845,133968,0,n4,In-house server 3,Quadro P600,2,0.44,0,0.173161,0,0.173161
23,199858,pytorch_resnet50,130000,3676,32,J59,JJ14,145125,1.23654e+07,0.003575,24426.7,1.13822e+07,9917.42,43.553,145125,0,n4,In-house server 3,Quadro P600,2,0.44,0,0.173161,0,0.173161
24,201359,pytorch_resnet50,130000,3564,32,J51,JJ17,178710,1.84849e+07,0.0140526,43111.5,1.94778e+07,1500.58,0.253474,178710,0,n1,Standard_NV24,M60,4,2.48,0,0.516865,0,0.516865
24,201359,tf_resnet50,130000,86,64,J140,JJ11,111717,524358,0.00406534,43371.4,273358,1500.58,24.8889,111717,0,n3,In-house server 3,Quadro P600,1,0.44,0,0.0152836,0,0.0152836
24,201359,pytorch_alexnet,130000,1121,512,J31,JJ16,167368,546775,0.0140554,58779,341715,1500.58,24.3126,167368,0,n3,In-house server 3,Quadro P600,3,0.44,0,0.0458509,0,0.0458509
24,201359,tf_resnet50,130000,75,8,J121,JJ12,122749,498264,0.0063803,80910.3,344421,1500.58,41.6864,122749,0,n1,Standard_NV24,M60,1,2.48,0,0.129216,0,0.129216
24,201359,tf_alexnet,130000,366,512,J95,JJ9,89142,274963,0.00855975,19278,159323,1500.58,67.7971,89142,0,n3,In-house server 3,Quadro P600,2,0.44,0,0.0305673,0,0.0305673
24,201359,tf_resnet50,130000,126,32,J143,JJ10,100461,1.11585e+06,0.0113172,86824.9,484671,1500.58,18.2108,100461,0,n4,In-house server 3,Quadro P600,2,0.44,0,0.0458509,0,0.0458509
24,201359,tf_vgg19,130000,14,32,J167,JJ18,189941,391352,0.0144979,39046.9,589476,1500.58,16.0557,189941,0,n1,Standard_NV24,M60,1,2.48,0,0.129216,0,0.129216
24,201359,pytorch_resnet50,130000,257,64,J48,JJ15,156236,1.25217e+06,0.0107998,36354.9,1.14972e+06,1500.58,17.547,156236,0,n4,In-house server 3,Quadro P600,6,0.44,0,0.137553,0,0.137553
24,201359,pytorch_resnet50,130000,63,16,J46,JJ3,22137,395456,0.00898677,14842.2,68479.5,1500.58,82.3724,22137,0,n2,In-house server 3,Quadro P600,8,0.44,0,0.183404,0,0.183404
24,201359,tf_vgg19,130000,11,16,J166,JJ7,66785,568585,0.00739369,31838.9,449832,1500.58,32.2717,66785,0,n3,In-house server 3,Quadro P600,1,0.44,0,0.0152836,0,0.0152836
24,201359,pytorch_resnet50,130000,86,8,J33,JJ13,133968,1.17884e+06,0.00751855,122885,453406,1500.58,17.2592,133968,0,n3,In-house server 3,Quadro P600,1,0.44,0,0.0152836,0,0.0152836
24,201359,pytorch_resnet50,130000,3676,32,J59,JJ14,145125,1.23654e+07,0.003575,24386.2,1.13633e+07,1500.58,43.5786,145125,0,n1,Standard_NV24,M60,1,2.48,0,0.129216,0,0.129216
25,212629,pytorch_resnet50,130000,3676,32,J59,JJ14,145125,1.23654e+07,0.003575,24375.1,1.13582e+07,11270,43.6345,145125,0,n4,In-house server 3,Quadro P600,1,0.44,0,0.0983889,0,0.0983889
25,212629,pytorch_resnet50,130000,3564,32,J51,JJ17,178710,1.84849e+07,0.0140526,43091.2,1.94687e+07,11270,0.363488,178710,0,n4,In-house server 3,Quadro P600,2,0.44,0,0.196778,0,0.196778
25,212629,tf_resnet50,130000,86,64,J140,JJ11,111717,524358,0.00406534,43131.3,271845,11270,28.0301,111717,0,n1,In-house server 3,Quadro P600,1,0.44,0,0.0918296,0,0.0918296
25,212629,pytorch_alexnet,130000,1121,512,J31,JJ16,167368,546775,0.0140554,57278.4,332991,11270,29.7687,167368,0,n1,In-house server 3,Quadro P600,2,0.44,0,0.183659,0,0.183659
25,212629,pytorch_resnet50,130000,63,16,J46,JJ3,22137,395456,0.00898677,13882.8,64052.9,11270,87.66,22137,0,n1,In-house server 3,Quadro P600,2,0.44,0,0.183659,0,0.183659
25,212629,tf_resnet50,130000,75,8,J121,JJ12,122749,498264,0.0063803,79667.1,339129,11270,47.6022,122749,0,n3,Standard_NC6,K80,1,0.56,0,1.75311,0,1.75311
25,212629,tf_alexnet,130000,366,512,J95,JJ9,89142,274963,0.00855975,18830.3,155624,11270,73.7692,89142,0,n1,In-house server 3,Quadro P600,1,0.44,0,0.0918296,0,0.0918296
25,212629,tf_resnet50,130000,126,32,J143,JJ10,100461,1.11585e+06,0.0113172,86556.1,483171,11270,20.1213,100461,0,n4,In-house server 3,Quadro P600,1,0.44,0,0.0983889,0,0.0983889
25,212629,tf_vgg19,130000,14,32,J167,JJ18,189941,391352,0.0144979,38089.5,575022,11270,31.9033,189941,0,n2,Standard_NV6,M60,1,0.62,0,1.94094,0,1.94094
25,212629,pytorch_resnet50,130000,257,64,J48,JJ15,156236,1.25217e+06,0.0107998,35724.7,1.12979e+06,11270,19.2203,156236,0,n4,In-house server 3,Quadro P600,2,0.44,0,0.196778,0,0.196778
25,212629,tf_vgg19,130000,11,16,J166,JJ7,66785,568585,0.00739369,31691.1,447744,11270,34.6439,66785,0,n1,In-house server 3,Quadro P600,1,0.44,0,0.0918296,0,0.0918296
25,212629,tf_vgg19,130000,14,32,J176,JJ19,201359,1.05157e+06,0.0132322,45374.5,685012,11270,2.50263,201359,0,n1,In-house server 3,Quadro P600,1,0.44,0,0.0918296,0,0.0918296
25,212629,pytorch_resnet50,130000,86,8,J33,JJ13,133968,1.17884e+06,0.00751855,122479,451906,11270,20.2369,133968,0,n4,In-house server 3,Quadro P600,2,0.44,0,0.196778,0,0.196778
26,223583,pytorch_resnet50,130000,86,8,J33,JJ13,133968,1.17884e+06,0.00751855,118071,435643,10954,26.3723,133968,0,n1,Standard_NV24X,M60,1,4.96,0,1.67691,0,1.67691
26,223583,pytorch_resnet50,130000,3564,32,J51,JJ17,178710,1.84849e+07,0.0140526,43043.6,1.94472e+07,10954,0.607261,178710,0,n4,Standard_NC12,K80,2,1.13,0,1.71917,0,1.71917
26,223583,pytorch_resnet50,130000,3676,32,J59,JJ14,145125,1.23654e+07,0.003575,24351,1.13469e+07,10954,43.8212,145125,0,n1,Standard_NV24X,M60,1,4.96,0,1.67691,0,1.67691
26,223583,tf_resnet50,130000,86,64,J140,JJ11,111717,524358,0.00406534,41327.5,260476,10954,31.0567,111717,0,n3,In-house server 3,Quadro P600,2,0.44,0,0.17851,0,0.17851
26,223583,pytorch_alexnet,130000,1121,512,J31,JJ16,167368,546775,0.0140554,53149.4,308987,10954,32.2585,167368,0,n3,In-house server 3,Quadro P600,1,0.44,0,0.0892548,0,0.0892548
26,223583,pytorch_resnet50,130000,63,16,J46,JJ3,22137,395456,0.00898677,9718.49,44839.4,10954,96.5528,22137,0,n2,In-house server 3,Quadro P600,8,0.44,0,1.33882,0,1.33882
26,223583,tf_alexnet,130000,366,512,J95,JJ9,89142,274963,0.00855975,15338.2,126763,10954,79.5739,89142,0,n3,In-house server 3,Quadro P600,1,0.44,0,0.0892548,0,0.0892548
26,223583,tf_alexnet,130000,311,128,J97,JJ20,212629,357854,0.0115476,65623.4,523152,10954,14.5814,212629,0,n1,Standard_NV24X,M60,1,4.96,0,1.67691,0,1.67691
26,223583,tf_resnet50,130000,75,8,J121,JJ12,122749,498264,0.0063803,71585,304725,10954,53.3522,122749,0,n4,Standard_NC12,K80,1,1.13,0,0.859585,0,0.859585
26,223583,tf_resnet50,130000,126,32,J143,JJ10,100461,1.11585e+06,0.0113172,84534.2,471884,10954,21.9756,100461,0,n3,In-house server 3,Quadro P600,2,0.44,0,0.17851,0,0.17851
26,223583,tf_vgg19,130000,14,32,J167,JJ18,189941,391352,0.0144979,30898.7,466465,10954,47.3066,189941,0,n1,Standard_NV24X,M60,1,4.96,0,1.67691,0,1.67691
26,223583,pytorch_resnet50,130000,257,64,J48,JJ15,156236,1.25217e+06,0.0107998,34999.6,1.10686e+06,10954,22.0312,156236,0,n1,Standard_NV24X,M60,1,4.96,0,1.67691,0,1.67691
26,223583,tf_vgg19,130000,11,16,J166,JJ7,66785,568585,0.00739369,30581.1,432061,10954,36.9497,66785,0,n3,In-house server 3,Quadro P600,1,0.44,0,0.0892548,0,0.0892548
26,223583,tf_vgg19,130000,14,32,J176,JJ19,201359,1.05157e+06,0.0132322,44238.9,667868,10954,4.93509,201359,0,n3,In-house server 3,Quadro P600,1,0.44,0,0.0892548,0,0.0892548
27,227829,pytorch_resnet50,130000,3676,32,J59,JJ14,145125,1.23654e+07,0.003575,24270.3,1.13093e+07,4246.14,43.9212,145125,0,n1,Standard_NV24X,M60,2,4.96,0,0.900036,0,0.900036
27,227829,pytorch_resnet50,130000,3564,32,J51,JJ17,178710,1.84849e+07,0.0140526,42938.3,1.93996e+07,4246.14,0.681901,178710,0,n1,Standard_NV24X,M60,1,4.96,0,0.450018,0,0.450018
27,227829,pytorch_resnet50,130000,86,8,J33,JJ13,133968,1.17884e+06,0.00751855,108989,402133,4246.14,27.4942,133968,0,n4,In-house server 3,Quadro P600,2,0.44,0,0.0943586,0,0.0943586
27,227829,tf_resnet50,130000,86,64,J140,JJ11,111717,524358,0.00406534,39589.5,249522,4246.14,32.2299,111717,0,n2,In-house server 3,Quadro P600,2,0.44,0,0.0691963,0,0.0691963
27,227829,pytorch_alexnet,130000,1121,512,J31,JJ16,167368,546775,0.0140554,51265.1,298033,4246.14,34.3142,167368,0,n2,In-house server 3,Quadro P600,2,0.44,0,0.0691963,0,0.0691963
27,227829,pytorch_resnet50,130000,63,16,J46,JJ3,22137,395456,0.00898677,2714.85,12525.8,4246.14,100,22137,227829,n3,In-house server 3,Quadro P600,8,0.44,0,0.518972,0,0.518972
27,227829,tf_resnet50,130000,126,32,J143,JJ10,100461,1.11585e+06,0.0113172,82571.9,460930,4246.14,22.6943,100461,0,n2,In-house server 3,Quadro P600,2,0.44,0,0.0691963,0,0.0691963
27,227829,tf_vgg19,130000,14,32,J167,JJ18,189941,391352,0.0144979,23909.5,360952,4246.14,53.2774,189941,0,n1,Standard_NV24X,M60,1,4.96,0,0.450018,0,0.450018
27,227829,pytorch_resnet50,130000,257,64,J48,JJ15,156236,1.25217e+06,0.0107998,33781.8,1.06835e+06,4246.14,27.7704,156236,0,n4,In-house server 3,Quadro P600,5,0.44,0,0.235896,0,0.235896
27,227829,tf_alexnet,130000,311,128,J97,JJ20,212629,357854,0.0115476,56054.5,446869,4246.14,20.2337,212629,0,n1,Standard_NV24X,M60,1,4.96,0,0.450018,0,0.450018
27,227829,tf_resnet50,130000,75,8,J121,JJ12,122749,498264,0.0063803,63729.5,271286,4246.14,54.0823,122749,0,n2,In-house server 3,Quadro P600,1,0.44,0,0.0345981,0,0.0345981
27,227829,tf_alexnet,130000,366,512,J95,JJ9,89142,274963,0.00855975,11944,98711.3,4246.14,81.8239,89142,0,n2,In-house server 3,Quadro P600,1,0.44,0,0.0345981,0,0.0345981
27,227829,pytorch_vgg19,130000,150,8,J68,JJ21,223583,3.07812e+06,0.0066921,43363.4,7.12965e+06,4246.14,0.357872,223583,0,n4,In-house server 3,Quadro P600,1,0.44,0,0.0471793,0,0.0471793
27,227829,tf_vgg19,130000,14,32,J176,JJ19,201359,1.05157e+06,0.0132322,43135.2,651206,4246.14,10.9059,201359,0,n1,Standard_NV24X,M60,1,4.96,0,0.450018,0,0.450018
27,227829,tf_vgg19,130000,11,16,J166,JJ7,66785,568585,0.00739369,29502.2,416819,4246.14,42.6865,66785,0,n1,Standard_NV24X,M60,1,4.96,0,0.450018,0,0.450018
28,234742,pytorch_resnet50,130000,3676,32,J59,JJ14,145125,1.23654e+07,0.003575,24227.1,1.12892e+07,6912.86,43.9556,145125,0,n4,In-house server 3,Quadro P600,1,0.44,0,0.0603504,0,0.0603504
28,234742,pytorch_resnet50,130000,3564,32,J51,JJ17,178710,1.84849e+07,0.0140526,42906.1,1.9385e+07,6912.86,0.749382,178710,0,n4,In-house server 3,Quadro P600,2,0.44,0,0.120701,0,0.120701
28,234742,tf_resnet50,130000,86,64,J140,JJ11,111717,524358,0.00406534,38915.8,245276,6912.86,34.1567,111717,0,n2,In-house server 3,Quadro P600,1,0.44,0,0.0603504,0,0.0603504
28,234742,pytorch_alexnet,130000,1121,512,J31,JJ16,167368,546775,0.0140554,49709.5,288989,6912.86,37.6609,167368,0,n2,In-house server 3,Quadro P600,2,0.44,0,0.120701,0,0.120701
28,234742,tf_resnet50,130000,75,8,J121,JJ12,122749,498264,0.0063803,62732,267040,6912.86,55.271,122749,0,n2,In-house server 3,Quadro P600,1,0.44,0,0.0603504,0,0.0603504
28,234742,tf_alexnet,130000,311,128,J97,JJ20,212629,357854,0.0115476,52345.4,417299,6912.86,28.4905,212629,0,n1,Standard_NC6,K80,1,0.56,0,1.07533,0,1.07533
28,234742,tf_resnet50,130000,126,32,J143,JJ10,100461,1.11585e+06,0.0113172,81811.2,456684,6912.86,23.8662,100461,0,n2,In-house server 3,Quadro P600,1,0.44,0,0.0603504,0,0.0603504
28,234742,tf_vgg19,130000,14,32,J167,JJ18,189941,391352,0.0144979,21200.3,320052,6912.86,68.5125,189941,0,n3,In-house server 2,GTX 1080Ti,1,1.13,0,0.361645,0,0.361645
28,234742,pytorch_resnet50,130000,257,64,J48,JJ15,156236,1.25217e+06,0.0107998,31295.1,989707,6912.86,28.7968,156236,0,n4,In-house server 3,Quadro P600,2,0.44,0,0.120701,0,0.120701
28,234742,tf_alexnet,130000,366,512,J95,JJ9,89142,274963,0.00855975,10628.3,87837.6,6912.86,85.3505,89142,0,n2,In-house server 3,Quadro P600,2,0.44,0,0.120701,0,0.120701
28,234742,pytorch_resnet50,130000,86,8,J33,JJ13,133968,1.17884e+06,0.00751855,107328,396005,6912.86,29.3207,133968,0,n4,In-house server 3,Quadro P600,2,0.44,0,0.120701,0,0.120701
28,234742,pytorch_vgg19,130000,150,8,J68,JJ21,223583,3.07812e+06,0.0066921,43208.2,7.10413e+06,6912.86,8.13634,223583,0,n3,In-house server 2,GTX 1080Ti,5,1.13,0,1.80823,0,1.80823
28,234742,tf_vgg19,130000,14,32,J176,JJ19,201359,1.05157e+06,0.0132322,40426,610305,6912.86,12.441,201359,0,n2,In-house server 3,Quadro P600,1,0.44,0,0.0603504,0,0.0603504
28,234742,tf_vgg19,130000,11,16,J166,JJ7,66785,568585,0.00739369,26817.9,378893,6912.86,44.1416,66785,0,n4,In-house server 3,Quadro P600,1,0.44,0,0.0603504,0,0.0603504
29,245834,pytorch_resnet50,130000,3564,32,J51,JJ17,178710,1.84849e+07,0.0140526,42876.9,1.93719e+07,11092,0.996226,178710,0,n2,Standard_NC12,K80,2,1.13,0,1.74083,0,1.74083
29,245834,pytorch_resnet50,130000,86,8,J33,JJ13,133968,1.17884e+06,0.00751855,104624,386029,11092,32.2513,133968,0,n3,In-house server 3,Quadro P600,2,0.44,0,0.180759,0,0.180759
29,245834,pytorch_resnet50,130000,3676,32,J59,JJ14,145125,1.23654e+07,0.003575,24212.3,1.12823e+07,11092,44.0606,145125,0,n3,In-house server 3,Quadro P600,2,0.44,0,0.180759,0,0.180759
29,245834,tf_resnet50,130000,86,64,J140,JJ11,111717,524358,0.00406534,37809.4,238303,11092,37.2214,111717,0,n1,In-house server 3,Quadro P600,2,0.44,0,0.180759,0,0.180759
29,245834,pytorch_alexnet,130000,1121,512,J31,JJ16,167368,546775,0.0140554,47176.8,274265,11092,43.0308,167368,0,n1,In-house server 3,Quadro P600,2,0.44,0,0.180759,0,0.180759
29,245834,tf_resnet50,130000,75,8,J121,JJ12,122749,498264,0.0063803,61108.1,260127,11092,57.1783,122749,0,n1,In-house server 3,Quadro P600,1,0.44,0,0.0903793,0,0.0903793
29,245834,tf_alexnet,130000,311,128,J97,JJ20,212629,357854,0.0115476,46927,374104,11092,41.7389,212629,0,n2,Standard_NC12,K80,1,1.13,0,0.870414,0,0.870414
29,245834,tf_alexnet,130000,366,512,J95,JJ9,89142,274963,0.00855975,8566.14,70795,11092,91.2283,89142,0,n1,In-house server 3,Quadro P600,1,0.44,0,0.0903793,0,0.0903793
29,245834,tf_resnet50,130000,126,32,J143,JJ10,100461,1.11585e+06,0.0113172,80571.1,449761,11092,25.7465,100461,0,n3,In-house server 3,Quadro P600,1,0.44,0,0.0903793,0,0.0903793
29,245834,tf_vgg19,130000,14,32,J167,JJ18,189941,391352,0.0144979,14287.4,215691,11092,70.9756,189941,0,n1,In-house server 3,Quadro P600,1,0.44,0,0.0903793,0,0.0903793
29,245834,pytorch_resnet50,130000,257,64,J48,JJ15,156236,1.25217e+06,0.0107998,30850.4,975642,11092,54.3965,156236,0,n4,In-house server 3,Quadro P600,8,0.44,0,1.35569,0,1.35569
29,245834,pytorch_vgg19,130000,150,8,J68,JJ21,223583,3.07812e+06,0.0066921,39835.2,6.54956e+06,11092,9.07119,223583,0,n3,In-house server 3,Quadro P600,1,0.44,0,0.0903793,0,0.0903793
29,245834,tf_vgg19,130000,11,16,J166,JJ7,66785,568585,0.00739369,26137,369274,11092,46.4763,66785,0,n1,In-house server 3,Quadro P600,1,0.44,0,0.0903793,0,0.0903793
29,245834,tf_vgg19,130000,14,32,J176,JJ19,201359,1.05157e+06,0.0132322,39729.4,599789,11092,14.9041,201359,0,n3,In-house server 3,Quadro P600,1,0.44,0,0.0903793,0,0.0903793
29,245834,tf_alexnet,130000,417,256,J102,JJ22,234742,826868,0.00500871,73741.8,600870,11092,4.63246,234742,0,n3,In-house server 3,Quadro P600,1,0.44,0,0.0903793,0,0.0903793
30,256997,pytorch_resnet50,130000,3564,32,J51,JJ17,178710,1.84849e+07,0.0140526,42770.3,1.93237e+07,11163,1.33634,178710,0,n2,Standard_NC24,K80,4,2.25,0,3.48844,0,3.48844
30,256997,pytorch_resnet50,130000,257,64,J48,JJ15,156236,1.25217e+06,0.0107998,19758.8,624870,11163,56.8773,156236,0,n2,Standard_NC24,K80,1,2.25,0,0.872109,0,0.872109
30,256997,pytorch_resnet50,130000,3676,32,J59,JJ14,145125,1.23654e+07,0.003575,24166.9,1.12611e+07,11163,44.2261,145125,0,n2,Standard_NC24,K80,1,2.25,0,0.872109,0,0.872109
30,256997,pytorch_resnet50,130000,86,8,J33,JJ13,133968,1.17884e+06,0.00751855,100286,370023,11163,35.2007,133968,0,n4,In-house server 3,Quadro P600,2,0.44,0,0.19491,0,0.19491
30,256997,tf_resnet50,130000,86,64,J140,JJ11,111717,524358,0.00406534,36049.5,227211,11163,40.3058,111717,0,n1,In-house server 3,Quadro P600,2,0.44,0,0.181916,0,0.181916
30,256997,pytorch_alexnet,130000,1121,512,J31,JJ16,167368,546775,0.0140554,43112.9,250639,11163,48.4351,167368,0,n4,In-house server 3,Quadro P600,2,0.44,0,0.19491,0,0.19491
30,256997,tf_resnet50,130000,75,8,J121,JJ12,122749,498264,0.0063803,58502.4,249035,11163,59.1415,122749,0,n1,In-house server 3,Quadro P600,2,0.44,0,0.181916,0,0.181916
30,256997,tf_alexnet,130000,311,128,J97,JJ20,212629,357854,0.0115476,38232.9,304794,11163,55.0721,212629,0,n2,Standard_NC24,K80,1,2.25,0,0.872109,0,0.872109
30,256997,tf_resnet50,130000,126,32,J143,JJ10,100461,1.11585e+06,0.0113172,78581.2,438653,11163,27.6389,100461,0,n4,In-house server 3,Quadro P600,1,0.44,0,0.0974548,0,0.0974548
30,256997,tf_vgg19,130000,14,32,J167,JJ18,189941,391352,0.0144979,13169.7,198818,11163,73.4545,189941,0,n1,In-house server 3,Quadro P600,1,0.44,0,0.0909578,0,0.0909578
30,256997,tf_alexnet,130000,366,512,J95,JJ9,89142,274963,0.00855975,5129.17,42390.1,11163,97.1437,89142,0,n1,In-house server 3,Quadro P600,1,0.44,0,0.0909578,0,0.0909578
30,256997,tf_resnet50,130000,112,64,J144,JJ23,245834,539184,0.00860447,74790.3,471271,11163,14.9257,245834,0,n3,In-house server 2,GTX 1080Ti,8,1.13,0,3.50394,0,3.50394
30,256997,tf_alexnet,130000,417,256,J102,JJ22,234742,826868,0.00500871,70325.8,573035,11163,9.13919,234742,0,n4,In-house server 3,Quadro P600,2,0.44,0,0.19491,0,0.19491
30,256997,pytorch_vgg19,130000,150,8,J68,JJ21,223583,3.07812e+06,0.0066921,39429.8,6.4829e+06,11163,10.012,223583,0,n4,In-house server 3,Quadro P600,1,0.44,0,0.0974548,0,0.0974548
30,256997,tf_vgg19,130000,11,16,J166,JJ7,66785,568585,0.00739369,25044.5,353839,11163,48.826,66785,0,n1,In-house server 3,Quadro P600,1,0.44,0,0.0909578,0,0.0909578
30,256997,tf_vgg19,130000,14,32,J176,JJ19,201359,1.05157e+06,0.0132322,38611.8,582917,11163,17.3829,201359,0,n1,In-house server 3,Quadro P600,1,0.44,0,0.0909578,0,0.0909578
31,262387,pytorch_resnet50,130000,3564,32,J51,JJ17,178710,1.84849e+07,0.0140526,42623.4,1.92573e+07,5390.18,1.36395,178710,0,n4,In-house server 3,Quadro P600,1,0.44,0,0.0470571,0,0.0470571
31,262387,pytorch_resnet50,130000,257,64,J48,JJ15,156236,1.25217e+06,0.0107998,18683.9,590876,5390.18,57.6777,156236,0,n4,In-house server 3,Quadro P600,2,0.44,0,0.0941142,0,0.0941142
31,262387,pytorch_resnet50,130000,3676,32,J59,JJ14,145125,1.23654e+07,0.003575,24095.4,1.12278e+07,5390.18,44.2771,145125,0,n4,In-house server 3,Quadro P600,2,0.44,0,0.0941142,0,0.0941142
31,262387,tf_resnet50,130000,86,64,J140,JJ11,111717,524358,0.00406534,34278.4,216048,5390.18,41.7951,111717,0,n1,In-house server 3,Quadro P600,2,0.44,0,0.0878399,0,0.0878399
31,262387,pytorch_alexnet,130000,1121,512,J31,JJ16,167368,546775,0.0140554,39023.1,226863,5390.18,55.5577,167368,0,n3,In-house server 3,Quadro P600,3,0.44,0,0.1647,0,0.1647
31,262387,tf_resnet50,130000,75,8,J121,JJ12,122749,498264,0.0063803,55820.2,237617,5390.18,60.0683,122749,0,n1,In-house server 3,Quadro P600,1,0.44,0,0.04392,0,0.04392
31,262387,tf_alexnet,130000,311,128,J97,JJ20,212629,357854,0.0115476,29483.2,235041,5390.18,57.5783,212629,0,n1,In-house server 3,Quadro P600,1,0.44,0,0.04392,0,0.04392
31,262387,tf_alexnet,130000,366,512,J95,JJ9,89142,274963,0.00855975,1670.2,13803.4,5390.18,100,89142,262387,n1,In-house server 3,Quadro P600,1,0.44,0,0.04392,0,0.04392
31,262387,tf_resnet50,130000,126,32,J143,JJ10,100461,1.11585e+06,0.0113172,76578.5,427474,5390.18,28.5526,100461,0,n3,In-house server 3,Quadro P600,1,0.44,0,0.0549,0,0.0549
31,262387,tf_vgg19,130000,14,32,J167,JJ18,189941,391352,0.0144979,12044.9,181838,5390.18,74.6515,189941,0,n1,In-house server 3,Quadro P600,1,0.44,0,0.04392,0,0.04392
31,262387,tf_resnet50,130000,112,64,J144,JJ23,245834,539184,0.00860447,63627.3,400930,5390.18,22.1328,245834,0,n2,In-house server 2,GTX 1080Ti,8,1.13,0,1.69192,0,1.69192
31,262387,tf_alexnet,130000,417,256,J102,JJ22,234742,826868,0.00500871,67002.4,545955,5390.18,11.3903,234742,0,n3,In-house server 3,Quadro P600,1,0.44,0,0.0549,0,0.0549
31,262387,pytorch_vgg19,130000,150,8,J68,JJ21,223583,3.07812e+06,0.0066921,39021.8,6.41583e+06,5390.18,10.4663,223583,0,n4,In-house server 3,Quadro P600,1,0.44,0,0.0470571,0,0.0470571
31,262387,tf_vgg19,130000,11,16,J166,JJ7,66785,568585,0.00739369,23945.1,338305,5390.18,49.9606,66785,0,n1,In-house server 3,Quadro P600,1,0.44,0,0.04392,0,0.04392
31,262387,tf_vgg19,130000,14,32,J176,JJ19,201359,1.05157e+06,0.0132322,37487,565936,5390.18,18.5799,201359,0,n1,In-house server 3,Quadro P600,1,0.44,0,0.04392,0,0.04392
31,262387,tf_resnet50,130000,107,32,J151,JJ24,256997,1.18747e+06,0.0146461,89870.7,501642,5390.18,1.07451,256997,0,n4,In-house server 3,Quadro P600,2,0.44,0,0.0941142,0,0.0941142
31,262387,pytorch_resnet50,130000,86,8,J33,JJ13,133968,1.17884e+06,0.00751855,95920.4,353914,5390.18,36.6249,133968,0,n3,In-house server 3,Quadro P600,2,0.44,0,0.1098,0,0.1098
32,268241,pytorch_resnet50,130000,3564,32,J51,JJ17,178710,1.84849e+07,0.0140526,42611.4,1.92519e+07,5853.82,1.54742,178710,0,n2,Standard_NV24,M60,4,2.48,0,2.30436,0,2.30436
32,268241,pytorch_resnet50,130000,3676,32,J59,JJ14,145125,1.23654e+07,0.003575,24073.4,1.12176e+07,5853.82,44.3062,145125,0,n4,In-house server 3,Quadro P600,1,0.44,0,0.0476978,0,0.0476978
32,268241,pytorch_resnet50,130000,257,64,J48,JJ15,156236,1.25217e+06,0.0107998,18337.1,579910,5853.82,58.5468,156236,0,n4,In-house server 3,Quadro P600,2,0.44,0,0.0953956,0,0.0953956
32,268241,pytorch_alexnet,130000,1121,512,J31,JJ16,167368,546775,0.0140554,33632.9,195527,5853.82,58.3917,167368,0,n1,In-house server 3,Quadro P600,2,0.44,0,0.10221,0,0.10221
32,268241,tf_resnet50,130000,86,64,J140,JJ11,111717,524358,0.00406534,33423.2,210657,5853.82,43.4267,111717,0,n1,In-house server 3,Quadro P600,1,0.44,0,0.0511048,0,0.0511048
32,268241,tf_resnet50,130000,112,64,J144,JJ23,245834,539184,0.00860447,58237.1,366965,5853.82,29.9598,245834,0,n3,In-house server 2,GTX 1080Ti,8,1.13,0,1.83745,0,1.83745
32,268241,tf_alexnet,130000,417,256,J102,JJ22,234742,826868,0.00500871,65342.4,532429,5853.82,13.8351,234742,0,n1,In-house server 3,Quadro P600,1,0.44,0,0.0511048,0,0.0511048
32,268241,tf_resnet50,130000,126,32,J143,JJ10,100461,1.11585e+06,0.0113172,75611.5,422076,5853.82,29.545,100461,0,n4,In-house server 3,Quadro P600,1,0.44,0,0.0476978,0,0.0476978
32,268241,tf_vgg19,130000,14,32,J167,JJ18,189941,391352,0.0144979,11501.8,173639,5853.82,82.883,189941,0,n2,Standard_NV24,M60,1,2.48,0,0.576091,0,0.576091
32,268241,tf_alexnet,130000,311,128,J97,JJ20,212629,357854,0.0115476,27838.5,221930,5853.82,60.2256,212629,0,n1,In-house server 3,Quadro P600,2,0.44,0,0.10221,0,0.10221
32,268241,tf_resnet50,130000,75,8,J121,JJ12,122749,498264,0.0063803,54554,232227,5853.82,61.0749,122749,0,n1,In-house server 3,Quadro P600,1,0.44,0,0.0511048,0,0.0511048
32,268241,pytorch_vgg19,130000,150,8,J68,JJ21,223583,3.07812e+06,0.0066921,38824.8,6.38344e+06,5853.82,10.9597,223583,0,n4,In-house server 3,Quadro P600,1,0.44,0,0.0476978,0,0.0476978
32,268241,tf_vgg19,130000,11,16,J166,JJ7,66785,568585,0.00739369,23414.2,330805,5853.82,51.1928,66785,0,n1,In-house server 3,Quadro P600,1,0.44,0,0.0511048,0,0.0511048
32,268241,tf_vgg19,130000,14,32,J176,JJ19,201359,1.05157e+06,0.0132322,36943.9,557737,5853.82,19.8798,201359,0,n4,In-house server 3,Quadro P600,1,0.44,0,0.0476978,0,0.0476978
32,268241,tf_resnet50,130000,107,32,J151,JJ24,256997,1.18747e+06,0.0146461,88905,496252,5853.82,2.24144,256997,0,n4,In-house server 3,Quadro P600,2,0.44,0,0.0953956,0,0.0953956
32,268241,pytorch_resnet50,130000,86,8,J33,JJ13,133968,1.17884e+06,0.00751855,93812.3,346136,5853.82,39.9037,133968,0,n2,Standard_NV24,M60,1,2.48,0,0.576091,0,0.576091
33,279515,pytorch_resnet50,130000,3564,32,J51,JJ17,178710,1.84849e+07,0.0140526,42532.2,1.92161e+07,11274,1.90076,178710,0,n2,Standard_NV24,M60,4,2.48,0,3.88327,0,3.88327
33,279515,pytorch_resnet50,130000,257,64,J48,JJ15,156236,1.25217e+06,0.0107998,17960.5,568000,11274,60.2208,156236,0,n4,In-house server 3,Quadro P600,2,0.44,0,0.196848,0,0.196848
33,279515,tf_resnet50,130000,107,32,J151,JJ24,256997,1.18747e+06,0.0146461,87856.3,490398,11274,8.75118,256997,0,n2,Standard_NV24,M60,1,2.48,0,0.970817,0,0.970817
33,279515,pytorch_resnet50,130000,86,8,J33,JJ13,133968,1.17884e+06,0.00751855,88958.8,328228,11274,42.8824,133968,0,n4,In-house server 3,Quadro P600,2,0.44,0,0.196848,0,0.196848
33,279515,tf_resnet50,130000,86,64,J140,JJ11,111717,524358,0.00406534,32486.3,204752,11274,46.5417,111717,0,n1,In-house server 3,Quadro P600,2,0.44,0,0.183724,0,0.183724
33,279515,pytorch_alexnet,130000,1121,512,J31,JJ16,167368,546775,0.0140554,31488.2,183058,11274,63.8497,167368,0,n1,In-house server 3,Quadro P600,2,0.44,0,0.183724,0,0.183724
33,279515,tf_resnet50,130000,75,8,J121,JJ12,122749,498264,0.0063803,53178.8,226373,11274,63.0135,122749,0,n1,In-house server 3,Quadro P600,1,0.44,0,0.0918622,0,0.0918622
33,279515,tf_alexnet,130000,311,128,J97,JJ20,212629,357854,0.0115476,26101.3,208081,11274,65.4676,212629,0,n1,In-house server 3,Quadro P600,1,0.44,0,0.0918622,0,0.0918622
33,279515,tf_resnet50,130000,112,64,J144,JJ23,245834,539184,0.00860447,52383.3,330079,11274,42.3281,245834,0,n3,In-house server 2,GTX 1080Ti,7,1.13,0,3.09644,0,3.09644
33,279515,tf_alexnet,130000,417,256,J102,JJ22,234742,826868,0.00500871,63539.5,517739,11274,18.5436,234742,0,n1,In-house server 3,Quadro P600,1,0.44,0,0.0918622,0,0.0918622
33,279515,pytorch_resnet50,130000,3676,32,J59,JJ14,145125,1.23654e+07,0.003575,24060.8,1.12117e+07,11274,44.3622,145125,0,n4,In-house server 3,Quadro P600,1,0.44,0,0.0984238,0,0.0984238
33,279515,tf_vgg19,130000,7,8,J159,JJ25,268241,697182,0.00655469,43954.9,577066,11274,25.649,268241,0,n3,In-house server 2,GTX 1080Ti,1,1.13,0,0.442348,0,0.442348
33,279515,tf_resnet50,130000,126,32,J143,JJ10,100461,1.11585e+06,0.0113172,74561.3,416214,11274,31.4534,100461,0,n4,In-house server 3,Quadro P600,2,0.44,0,0.196848,0,0.196848
33,279515,tf_vgg19,130000,14,32,J167,JJ18,189941,391352,0.0144979,7766.8,117252,11274,98.7362,189941,0,n2,Standard_NV24,M60,1,2.48,0,0.970817,0,0.970817
33,279515,pytorch_vgg19,130000,150,8,J68,JJ21,223583,3.07812e+06,0.0066921,38610.9,6.34826e+06,11274,11.9099,223583,0,n4,In-house server 3,Quadro P600,1,0.44,0,0.0984238,0,0.0984238
33,279515,tf_vgg19,130000,11,16,J166,JJ7,66785,568585,0.00739369,22837.6,322659,11274,66.4247,66785,0,n2,Standard_NV24,M60,1,2.48,0,0.970817,0,0.970817
33,279515,tf_vgg19,130000,14,32,J176,JJ19,201359,1.05157e+06,0.0132322,36354.1,548833,11274,22.3833,201359,0,n1,In-house server 3,Quadro P600,1,0.44,0,0.0918622,0,0.0918622
34,280414,pytorch_resnet50,130000,3564,32,J51,JJ17,178710,1.84849e+07,0.0140526,42379.5,1.91471e+07,898.72,1.91656,178710,0,n1,Standard_NV24X,M60,1,4.96,0,0.095249,0,0.095249
34,280414,pytorch_resnet50,130000,257,64,J48,JJ15,156236,1.25217e+06,0.0107998,17235.2,545063,898.72,60.3542,156236,0,n4,In-house server 3,Quadro P600,2,0.44,0,0.0146458,0,0.0146458
34,280414,tf_resnet50,130000,107,32,J151,JJ24,256997,1.18747e+06,0.0146461,82006,457742,898.72,9.27011,256997,0,n1,Standard_NV24X,M60,1,4.96,0,0.095249,0,0.095249
34,280414,pytorch_resnet50,130000,86,8,J33,JJ13,133968,1.17884e+06,0.00751855,84549.4,311959,898.72,43.047,133968,0,n4,In-house server 3,Quadro P600,1,0.44,0,0.00732291,0,0.00732291
34,280414,tf_resnet50,130000,75,8,J121,JJ12,122749,498264,0.0063803,50530.4,215099,898.72,63.1716,122749,0,n2,In-house server 3,Quadro P600,2,0.44,0,0.0156919,0,0.0156919
34,280414,tf_alexnet,130000,311,128,J97,JJ20,212629,357854,0.0115476,22661.3,180657,898.72,65.8741,212629,0,n2,In-house server 3,Quadro P600,2,0.44,0,0.0156919,0,0.0156919
34,280414,tf_resnet50,130000,112,64,J144,JJ23,245834,539184,0.00860447,43133,271791,898.72,43.5298,245834,0,n3,In-house server 2,GTX 1080Ti,8,1.13,0,0.150452,0,0.150452
34,280414,pytorch_resnet50,130000,3676,32,J59,JJ14,145125,1.23654e+07,0.003575,24036.6,1.12004e+07,898.72,44.3775,145125,0,n1,Standard_NV24X,M60,1,4.96,0,0.095249,0,0.095249
34,280414,tf_vgg19,130000,7,8,J159,JJ25,268241,697182,0.00655469,32680.9,429054,898.72,26.9295,268241,0,n1,Standard_NV24X,M60,1,4.96,0,0.095249,0,0.095249
34,280414,tf_alexnet,130000,417,256,J102,JJ22,234742,826868,0.00500871,60067.4,489447,898.72,18.919,234742,0,n4,In-house server 3,Quadro P600,1,0.44,0,0.00732291,0,0.00732291
34,280414,tf_resnet50,130000,126,32,J143,JJ10,100461,1.11585e+06,0.0113172,72541.7,404940,898.72,31.6057,100461,0,n4,In-house server 3,Quadro P600,1,0.44,0,0.00732291,0,0.00732291
34,280414,tf_alexnet,130000,285,512,J91,JJ26,279515,478856,0.013593,45537.9,376329,898.72,0.58865,279515,0,n2,In-house server 3,Quadro P600,2,0.44,0,0.0156919,0,0.0156919
34,280414,tf_vgg19,130000,14,32,J167,JJ18,189941,391352,0.0144979,573.428,8656.82,898.72,100,189941,280414,n1,Standard_NV24X,M60,1,4.96,0,0.095249,0,0.095249
34,280414,tf_resnet50,130000,86,64,J140,JJ11,111717,524358,0.00406534,30697.5,193478,898.72,46.79,111717,0,n2,In-house server 3,Quadro P600,2,0.44,0,0.0156919,0,0.0156919
34,280414,pytorch_alexnet,130000,1121,512,J31,JJ16,167368,546775,0.0140554,27357.7,159045,898.72,64.2848,167368,0,n4,In-house server 3,Quadro P600,2,0.44,0,0.0146458,0,0.0146458
34,280414,pytorch_vgg19,130000,150,8,J68,JJ21,223583,3.07812e+06,0.0066921,38198.9,6.28052e+06,898.72,12.033,223583,0,n1,Standard_NV24X,M60,1,4.96,0,0.095249,0,0.095249
34,280414,tf_vgg19,130000,11,16,J166,JJ7,66785,568585,0.00739369,15710.4,221962,898.72,66.6139,66785,0,n4,In-house server 3,Quadro P600,1,0.44,0,0.00732291,0,0.00732291
34,280414,tf_vgg19,130000,14,32,J176,JJ19,201359,1.05157e+06,0.0132322,35218.1,531683,898.72,23.6471,201359,0,n1,Standard_NV24X,M60,1,4.96,0,0.095249,0,0.095249
35,290767,pytorch_resnet50,130000,3564,32,J51,JJ17,178710,1.84849e+07,0.0140526,42372.7,1.91441e+07,10353.3,2.24105,178710,0,n3,Standard_NV24,M60,4,2.48,0,3.56613,0,3.56613
35,290767,pytorch_resnet50,130000,257,64,J48,JJ15,156236,1.25217e+06,0.0107998,17177.4,543235,10353.3,63.0109,156236,0,n3,Standard_NV24,M60,1,2.48,0,0.891532,0,0.891532
35,290767,tf_resnet50,130000,86,64,J140,JJ11,111717,524358,0.00406534,30554.9,192580,10353.3,49.6757,111717,0,n1,In-house server 3,Quadro P600,1,0.44,0,0.0843601,0,0.0843601
35,290767,pytorch_alexnet,130000,1121,512,J31,JJ16,167368,546775,0.0140554,27028.4,157131,10353.3,69.2971,167368,0,n1,In-house server 3,Quadro P600,2,0.44,0,0.16872,0,0.16872
35,290767,tf_resnet50,130000,75,8,J121,JJ12,122749,498264,0.0063803,50314.4,214180,10353.3,64.9518,122749,0,n1,In-house server 3,Quadro P600,1,0.44,0,0.0843601,0,0.0843601
35,290767,tf_alexnet,130000,311,128,J97,JJ20,212629,357854,0.0115476,22394.6,178531,10353.3,70.6879,212629,0,n1,In-house server 3,Quadro P600,1,0.44,0,0.0843601,0,0.0843601
35,290767,tf_resnet50,130000,112,64,J144,JJ23,245834,539184,0.00860447,42234.3,266128,10353.3,54.888,245834,0,n2,In-house server 2,GTX 1080Ti,7,1.13,0,2.84356,0,2.84356
35,290767,tf_alexnet,130000,417,256,J102,JJ22,234742,826868,0.00500871,59790.7,487191,10353.3,23.0988,234742,0,n1,In-house server 3,Quadro P600,2,0.44,0,0.16872,0,0.16872
35,290767,pytorch_resnet50,130000,3676,32,J59,JJ14,145125,1.23654e+07,0.003575,24030,1.11973e+07,10353.3,44.4755,145125,0,n4,In-house server 3,Quadro P600,2,0.44,0,0.16872,0,0.16872
35,290767,tf_vgg19,130000,7,8,J159,JJ25,268241,697182,0.00655469,32118,421665,10353.3,50.4838,268241,0,n2,In-house server 2,GTX 1080Ti,1,1.13,0,0.406222,0,0.406222
35,290767,tf_resnet50,130000,126,32,J143,JJ10,100461,1.11585e+06,0.0113172,72380.5,404040,10353.3,33.3608,100461,0,n4,In-house server 3,Quadro P600,1,0.44,0,0.0843601,0,0.0843601
35,290767,tf_alexnet,130000,285,512,J91,JJ26,279515,478856,0.013593,45269.9,374114,10353.3,7.63271,279515,0,n1,In-house server 3,Quadro P600,1,0.44,0,0.0843601,0,0.0843601
35,290767,pytorch_vgg19,130000,150,8,J68,JJ21,223583,3.07812e+06,0.0066921,38145.5,6.27174e+06,10353.3,12.9056,223583,0,n4,In-house server 3,Quadro P600,1,0.44,0,0.0843601,0,0.0843601
35,290767,tf_vgg19,130000,14,32,J176,JJ19,201359,1.05157e+06,0.0132322,34644.7,523026,10353.3,38.2056,201359,0,n3,Standard_NV24,M60,1,2.48,0,0.891532,0,0.891532
35,290767,tf_vgg19,130000,11,16,J166,JJ7,66785,568585,0.00739369,15621.8,220712,10353.3,80.6019,66785,0,n3,Standard_NV24,M60,1,2.48,0,0.891532,0,0.891532
35,290767,tf_resnet50,130000,107,32,J151,JJ24,256997,1.18747e+06,0.0146461,81539.6,455139,10353.3,11.334,256997,0,n4,In-house server 3,Quadro P600,2,0.44,0,0.16872,0,0.16872
35,290767,pytorch_resnet50,130000,86,8,J33,JJ13,133968,1.17884e+06,0.00751855,84305.9,311061,10353.3,45.7825,133968,0,n4,In-house server 3,Quadro P600,2,0.44,0,0.16872,0,0.16872
36,302112,pytorch_resnet50,130000,3564,32,J51,JJ17,178710,1.84849e+07,0.0140526,42232.5,1.90807e+07,11345,2.35179,178710,0,n4,In-house server 3,Quadro P600,2,0.44,0,0.198087,0,0.198087
36,302112,pytorch_resnet50,130000,257,64,J48,JJ15,156236,1.25217e+06,0.0107998,16026.4,506832,11345,64.6954,156236,0,n4,In-house server 3,Quadro P600,2,0.44,0,0.198087,0,0.198087
36,302112,tf_resnet50,130000,86,64,J140,JJ11,111717,524358,0.00406534,28897.9,182136,11345,52.8103,111717,0,n1,In-house server 3,Quadro P600,2,0.44,0,0.184881,0,0.184881
36,302112,pytorch_alexnet,130000,1121,512,J31,JJ16,167368,546775,0.0140554,23235.2,135079,11345,74.7895,167368,0,n2,In-house server 3,Quadro P600,2,0.44,0,0.198087,0,0.198087
36,302112,tf_resnet50,130000,112,64,J144,JJ23,245834,539184,0.00860447,33739.4,212600,11345,57.3165,245834,0,n1,In-house server 3,Quadro P600,1,0.44,0,0.0924407,0,0.0924407
36,302112,pytorch_resnet50,130000,3676,32,J59,JJ14,145125,1.23654e+07,0.003575,23987.7,1.11776e+07,11345,44.5829,145125,0,n4,In-house server 3,Quadro P600,2,0.44,0,0.198087,0,0.198087
36,302112,tf_vgg19,130000,7,8,J159,JJ25,268241,697182,0.00655469,21764.8,285741,11345,76.2944,268241,0,n3,In-house server 2,GTX 1080Ti,1,1.13,0,0.445134,0,0.445134
36,302112,tf_alexnet,130000,417,256,J102,JJ22,234742,826868,0.00500871,56708.4,462076,11345,27.679,234742,0,n2,In-house server 3,Quadro P600,2,0.44,0,0.198087,0,0.198087
36,302112,pytorch_vgg19,130000,224,16,J69,JJ27,290767,1.16193e+06,0.00303448,43354.4,6.31201e+06,11345,1.97578,290767,0,n3,In-house server 2,GTX 1080Ti,1,1.13,0,0.445134,0,0.445134
36,302112,tf_alexnet,130000,311,128,J97,JJ20,212629,357854,0.0115476,19235.6,153347,11345,75.8185,212629,0,n1,In-house server 3,Quadro P600,2,0.44,0,0.184881,0,0.184881
36,302112,tf_resnet50,130000,75,8,J121,JJ12,122749,498264,0.0063803,47882.3,203827,11345,66.9471,122749,0,n1,In-house server 3,Quadro P600,2,0.44,0,0.184881,0,0.184881
36,302112,tf_resnet50,130000,126,32,J143,JJ10,100461,1.11585e+06,0.0113172,70523.1,393672,11345,35.284,100461,0,n2,In-house server 3,Quadro P600,1,0.44,0,0.0990437,0,0.0990437
36,302112,tf_alexnet,130000,285,512,J91,JJ26,279515,478856,0.013593,42062.2,347605,11345,15.3515,279515,0,n1,In-house server 3,Quadro P600,1,0.44,0,0.0924407,0,0.0924407
36,302112,pytorch_vgg19,130000,150,8,J68,JJ21,223583,3.07812e+06,0.0066921,37767.1,6.20953e+06,11345,29.0073,223583,0,n3,In-house server 2,GTX 1080Ti,6,1.13,0,2.6708,0,2.6708
36,302112,tf_vgg19,130000,14,32,J176,JJ19,201359,1.05157e+06,0.0132322,28038.9,423299,11345,40.7249,201359,0,n2,In-house server 3,Quadro P600,1,0.44,0,0.0990437,0,0.0990437
36,302112,tf_vgg19,130000,11,16,J166,JJ7,66785,568585,0.00739369,9076.65,128239,11345,82.9899,66785,0,n2,In-house server 3,Quadro P600,1,0.44,0,0.0990437,0,0.0990437
36,302112,tf_resnet50,130000,107,32,J151,JJ24,256997,1.18747e+06,0.0146461,79684.8,444786,11345,13.5956,256997,0,n4,In-house server 3,Quadro P600,2,0.44,0,0.198087,0,0.198087
36,302112,pytorch_resnet50,130000,86,8,J33,JJ13,133968,1.17884e+06,0.00751855,80256.6,296120,11345,47.8597,133968,0,n2,In-house server 3,Quadro P600,1,0.44,0,0.0990437,0,0.0990437
37,312532,pytorch_resnet50,130000,3564,32,J51,JJ17,178710,1.84849e+07,0.0140526,42184.7,1.90591e+07,10419.8,2.45351,178710,0,n4,In-house server 3,Quadro P600,2,0.44,0,0.169803,0,0.169803
37,312532,pytorch_resnet50,130000,257,64,J48,JJ15,156236,1.25217e+06,0.0107998,15296.5,483751,10419.8,66.2426,156236,0,n4,In-house server 3,Quadro P600,2,0.44,0,0.169803,0,0.169803
37,312532,tf_resnet50,130000,107,32,J151,JJ24,256997,1.18747e+06,0.0146461,77652.3,433441,10419.8,15.6757,256997,0,n4,In-house server 3,Quadro P600,1,0.44,0,0.0849017,0,0.0849017
37,312532,pytorch_resnet50,130000,86,8,J33,JJ13,133968,1.17884e+06,0.00751855,77181.8,284775,10419.8,50.6127,133968,0,n2,In-house server 3,Quadro P600,2,0.44,0,0.169803,0,0.169803
37,312532,pytorch_vgg19,130000,224,16,J69,JJ27,290767,1.16193e+06,0.00303448,42497.8,6.1873e+06,10419.8,12.4787,290767,0,n3,In-house server 2,GTX 1080Ti,7,1.13,0,2.86182,0,2.86182
37,312532,tf_alexnet,130000,311,128,J97,JJ20,212629,357854,0.0115476,15868.7,126506,10419.8,80.6633,212629,0,n1,In-house server 3,Quadro P600,1,0.44,0,0.0849017,0,0.0849017
37,312532,tf_resnet50,130000,86,64,J140,JJ11,111717,524358,0.00406534,27097.9,170791,10419.8,55.7145,111717,0,n1,In-house server 3,Quadro P600,1,0.44,0,0.0849017,0,0.0849017
37,312532,pytorch_alexnet,130000,1121,512,J31,JJ16,167368,546775,0.0140554,19078.7,110915,10419.8,79.834,167368,0,n1,In-house server 3,Quadro P600,2,0.44,0,0.169803,0,0.169803
37,312532,tf_resnet50,130000,126,32,J143,JJ10,100461,1.11585e+06,0.0113172,68487.8,382310,10419.8,37.0504,100461,0,n2,In-house server 3,Quadro P600,1,0.44,0,0.0849017,0,0.0849017
37,312532,tf_alexnet,130000,285,512,J91,JJ26,279515,478856,0.013593,38547.2,318557,10419.8,22.4408,279515,0,n1,In-house server 3,Quadro P600,1,0.44,0,0.0849017,0,0.0849017
37,312532,tf_resnet50,130000,75,8,J121,JJ12,122749,498264,0.0063803,45156.4,192223,10419.8,68.7796,122749,0,n1,In-house server 3,Quadro P600,2,0.44,0,0.169803,0,0.169803
37,312532,tf_alexnet,130000,288,1024,J100,JJ28,302112,580721,0.00331929,43551.6,362923,10419.8,7.4397,302112,0,n1,In-house server 3,Quadro P600,1,0.44,0,0.0849017,0,0.0849017
37,312532,pytorch_vgg19,130000,150,8,J68,JJ21,223583,3.07812e+06,0.0066921,30784.8,5.06153e+06,10419.8,29.8855,223583,0,n4,In-house server 3,Quadro P600,1,0.44,0,0.0849017,0,0.0849017
37,312532,tf_vgg19,130000,14,32,J176,JJ19,201359,1.05157e+06,0.0132322,26895.8,406041,10419.8,43.0387,201359,0,n4,In-house server 3,Quadro P600,1,0.44,0,0.0849017,0,0.0849017
37,312532,tf_vgg19,130000,11,16,J166,JJ7,66785,568585,0.00739369,7959.27,112452,10419.8,85.1832,66785,0,n2,In-house server 3,Quadro P600,1,0.44,0,0.0849017,0,0.0849017
37,312532,pytorch_resnet50,130000,3676,32,J59,JJ14,145125,1.23654e+07,0.003575,23941.3,1.1156e+07,10419.8,44.6346,145125,0,n4,In-house server 3,Quadro P600,1,0.44,0,0.0849017,0,0.0849017
37,312532,tf_vgg19,130000,7,8,J159,JJ25,268241,697182,0.00655469,10419.8,136797,10419.8,100,268241,312532,n3,In-house server 2,GTX 1080Ti,1,1.13,0,0.408831,0,0.408831
37,312532,tf_alexnet,130000,417,256,J102,JJ22,234742,826868,0.00500871,53330.8,434555,10419.8,31.8857,234742,0,n2,In-house server 3,Quadro P600,2,0.44,0,0.169803,0,0.169803
37,312532,tf_resnet50,130000,112,64,J144,JJ23,245834,539184,0.00860447,31923.2,201155,10419.8,59.5274,245834,0,n2,In-house server 3,Quadro P600,2,0.44,0,0.169803,0,0.169803
38,313272,pytorch_resnet50,130000,3676,32,J59,JJ14,145125,1.23654e+07,0.003575,23918.9,1.11456e+07,740.242,44.6571,145125,0,n3,Standard_NV24,M60,4,2.48,0,0.291397,0,0.291397
38,313272,pytorch_resnet50,130000,3564,32,J51,JJ17,178710,1.84849e+07,0.0140526,42140.7,1.90393e+07,740.242,2.46073,178710,0,n4,In-house server 3,Quadro P600,2,0.44,0,0.0120632,0,0.0120632
38,313272,pytorch_resnet50,130000,257,64,J48,JJ15,156236,1.25217e+06,0.0107998,14626.2,462552,740.242,66.3525,156236,0,n4,In-house server 3,Quadro P600,2,0.44,0,0.0120632,0,0.0120632
38,313272,tf_resnet50,130000,107,32,J151,JJ24,256997,1.18747e+06,0.0146461,75782.8,423006,740.242,15.8233,256997,0,n4,In-house server 3,Quadro P600,2,0.44,0,0.0120632,0,0.0120632
38,313272,pytorch_resnet50,130000,86,8,J33,JJ13,133968,1.17884e+06,0.00751855,73106.6,269739,740.242,50.7482,133968,0,n4,In-house server 3,Quadro P600,1,0.44,0,0.0060316,0,0.0060316
38,313272,pytorch_vgg19,130000,224,16,J69,JJ27,290767,1.16193e+06,0.00303448,37944.3,5.52436e+06,740.242,12.5662,290767,0,n3,Standard_NV24,M60,1,2.48,0,0.0728492,0,0.0728492
38,313272,tf_alexnet,130000,311,128,J97,JJ20,212629,357854,0.0115476,12689.4,101160,740.242,81.0075,212629,0,n1,In-house server 3,Quadro P600,1,0.44,0,0.0075395,0,0.0075395
38,313272,pytorch_alexnet,130000,1121,512,J31,JJ16,167368,546775,0.0140554,15261.1,88721.4,740.242,80.8122,167368,0,n1,In-house server 3,Quadro P600,3,0.44,0,0.0226185,0,0.0226185
38,313272,tf_resnet50,130000,86,64,J140,JJ11,111717,524358,0.00406534,25430.2,160279,740.242,55.9209,111717,0,n2,In-house server 3,Quadro P600,1,0.44,0,0.0060316,0,0.0060316
38,313272,tf_resnet50,130000,112,64,J144,JJ23,245834,539184,0.00860447,30269.6,190735,740.242,59.6859,245834,0,n1,In-house server 3,Quadro P600,1,0.44,0,0.0075395,0,0.0075395
38,313272,tf_alexnet,130000,417,256,J102,JJ22,234742,826868,0.00500871,50228.8,409278,740.242,32.1845,234742,0,n2,In-house server 3,Quadro P600,2,0.44,0,0.0120632,0,0.0120632
38,313272,tf_resnet50,130000,126,32,J143,JJ10,100461,1.11585e+06,0.0113172,66618.5,371876,740.242,37.1757,100461,0,n2,In-house server 3,Quadro P600,2,0.44,0,0.0120632,0,0.0120632
38,313272,tf_alexnet,130000,285,512,J91,JJ26,279515,478856,0.013593,35318.9,291878,740.242,22.9256,279515,0,n1,In-house server 3,Quadro P600,2,0.44,0,0.015079,0,0.015079
38,313272,tf_resnet50,130000,75,8,J121,JJ12,122749,498264,0.0063803,42652.8,181566,740.242,68.9069,122749,0,n1,In-house server 3,Quadro P600,1,0.44,0,0.0075395,0,0.0075395
38,313272,tf_alexnet,130000,288,1024,J100,JJ28,302112,580721,0.00331929,40311.5,335922,740.242,7.94729,302112,0,n2,In-house server 3,Quadro P600,2,0.44,0,0.0120632,0,0.0120632
38,313272,pytorch_vgg19,130000,150,8,J68,JJ21,223583,3.07812e+06,0.0066921,30404,4.99892e+06,740.242,29.9479,223583,0,n4,In-house server 3,Quadro P600,1,0.44,0,0.0060316,0,0.0060316
38,313272,tf_vgg19,130000,11,16,J166,JJ7,66785,568585,0.00739369,6933.01,97952.3,740.242,86.1833,66785,0,n3,Standard_NV24,M60,1,2.48,0,0.0728492,0,0.0728492
38,313272,tf_vgg19,130000,14,32,J176,JJ19,201359,1.05157e+06,0.0132322,25845.9,390191,740.242,43.2031,201359,0,n2,In-house server 3,Quadro P600,1,0.44,0,0.0060316,0,0.0060316
39,324628,pytorch_resnet50,130000,3564,32,J51,JJ17,178710,1.84849e+07,0.0140526,42137.6,1.90378e+07,11356,2.51891,178710,0,n3,In-house server 3,Quadro P600,1,0.44,0,0.0925304,0,0.0925304
39,324628,pytorch_vgg19,130000,150,8,J71,JJ29,313272,9.42867e+06,0.00906461,43297.9,7.13035e+06,11356,0.957093,313272,0,n3,In-house server 3,Quadro P600,1,0.44,0,0.0925304,0,0.0925304
39,324628,pytorch_resnet50,130000,3676,32,J59,JJ14,145125,1.23654e+07,0.003575,23909.2,1.1141e+07,11356,44.7646,145125,0,n3,In-house server 3,Quadro P600,2,0.44,0,0.185061,0,0.185061
39,324628,pytorch_resnet50,130000,257,64,J48,JJ15,156236,1.25217e+06,0.0107998,14578.6,461046,11356,82.0299,156236,0,n4,In-house server 3,Quadro P600,7,0.44,0,1.07952,0,1.07952
39,324628,pytorch_vgg19,130000,224,16,J69,JJ27,290767,1.16193e+06,0.00303448,37906.4,5.51883e+06,11356,12.9187,290767,0,n3,In-house server 3,Quadro P600,1,0.44,0,0.0925304,0,0.0925304
39,324628,tf_alexnet,130000,311,128,J97,JJ20,212629,357854,0.0115476,12463.5,99359.6,11356,86.1431,212629,0,n1,In-house server 3,Quadro P600,2,0.44,0,0.198279,0,0.198279
39,324628,tf_resnet50,130000,86,64,J140,JJ11,111717,524358,0.00406534,25311.7,159533,11356,59.0585,111717,0,n1,In-house server 3,Quadro P600,2,0.44,0,0.198279,0,0.198279
39,324628,pytorch_alexnet,130000,1121,512,J31,JJ16,167368,546775,0.0140554,14520.9,84417.9,11356,86.3099,167368,0,n2,In-house server 3,Quadro P600,2,0.44,0,0.198279,0,0.198279
39,324628,tf_resnet50,130000,126,32,J143,JJ10,100461,1.11585e+06,0.0113172,66485.9,371135,11356,39.1008,100461,0,n3,In-house server 3,Quadro P600,1,0.44,0,0.0925304,0,0.0925304
39,324628,tf_alexnet,130000,285,512,J91,JJ26,279515,478856,0.013593,35098.1,290053,11356,30.3637,279515,0,n1,In-house server 3,Quadro P600,2,0.44,0,0.198279,0,0.198279
39,324628,tf_resnet50,130000,75,8,J121,JJ12,122749,498264,0.0063803,42478.9,180826,11356,70.8596,122749,0,n1,In-house server 3,Quadro P600,1,0.44,0,0.0991397,0,0.0991397
39,324628,tf_alexnet,130000,288,1024,J100,JJ28,302112,580721,0.00331929,40090.5,334080,11356,16.0555,302112,0,n1,In-house server 3,Quadro P600,1,0.44,0,0.0991397,0,0.0991397
39,324628,tf_alexnet,130000,417,256,J102,JJ22,234742,826868,0.00500871,50008.4,407483,11356,36.9272,234742,0,n2,In-house server 3,Quadro P600,1,0.44,0,0.0991397,0,0.0991397
39,324628,tf_resnet50,130000,112,64,J144,JJ23,245834,539184,0.00860447,30151,189989,11356,62.0956,245834,0,n2,In-house server 3,Quadro P600,2,0.44,0,0.198279,0,0.198279
39,324628,pytorch_vgg19,130000,150,8,J68,JJ21,223583,3.07812e+06,0.0066921,30377,4.99447e+06,11356,30.905,223583,0,n4,In-house server 3,Quadro P600,1,0.44,0,0.154217,0,0.154217
39,324628,tf_vgg19,130000,11,16,J166,JJ7,66785,568585,0.00739369,6465.04,91340.6,11356,88.5736,66785,0,n2,In-house server 3,Quadro P600,1,0.44,0,0.0991397,0,0.0991397
39,324628,tf_vgg19,130000,14,32,J176,JJ19,201359,1.05157e+06,0.0132322,25771.3,389065,11356,45.7248,201359,0,n2,In-house server 3,Quadro P600,1,0.44,0,0.0991397,0,0.0991397
39,324628,tf_resnet50,130000,107,32,J151,JJ24,256997,1.18747e+06,0.0146461,75650.2,422266,11356,18.087,256997,0,n3,In-house server 3,Quadro P600,2,0.44,0,0.185061,0,0.185061
39,324628,pytorch_resnet50,130000,86,8,J33,JJ13,133968,1.17884e+06,0.00751855,72905.9,268999,11356,52.8274,133968,0,n2,In-house server 3,Quadro P600,1,0.44,0,0.0991397,0,0.0991397
40,334988,pytorch_resnet50,130000,3564,32,J51,JJ17,178710,1.84849e+07,0.0140526,42112.5,1.90265e+07,10360.3,2.57199,178710,0,n3,In-house server 3,Quadro P600,1,0.44,0,0.0844175,0,0.0844175
40,334988,pytorch_resnet50,130000,3676,32,J59,JJ14,145125,1.23654e+07,0.003575,23862.8,1.11194e+07,10360.3,44.8627,145125,0,n4,In-house server 3,Quadro P600,2,0.44,0,0.230229,0,0.230229
40,334988,pytorch_resnet50,130000,257,64,J48,JJ15,156236,1.25217e+06,0.0107998,7785.94,246230,10360.3,96.0332,156236,0,n4,In-house server 3,Quadro P600,5,0.44,0,0.575574,0,0.575574
40,334988,tf_resnet50,130000,107,32,J151,JJ24,256997,1.18747e+06,0.0146461,73615.8,410910,10360.3,20.1523,256997,0,n3,In-house server 3,Quadro P600,2,0.44,0,0.168835,0,0.168835
40,334988,pytorch_resnet50,130000,86,8,J33,JJ13,133968,1.17884e+06,0.00751855,69828.1,257643,10360.3,54.7243,133968,0,n3,In-house server 3,Quadro P600,1,0.44,0,0.0844175,0,0.0844175
40,334988,pytorch_vgg19,130000,224,16,J69,JJ27,290767,1.16193e+06,0.00303448,37753.6,5.49658e+06,10360.3,13.2403,290767,0,n3,In-house server 3,Quadro P600,1,0.44,0,0.0844175,0,0.0844175
40,334988,tf_alexnet,130000,311,128,J97,JJ20,212629,357854,0.0115476,9093.37,72492.7,10360.3,90.9603,212629,0,n1,In-house server 3,Quadro P600,1,0.44,0,0.105522,0,0.105522
40,334988,tf_resnet50,130000,86,64,J140,JJ11,111717,524358,0.00406534,23509.9,148177,10360.3,61.9462,111717,0,n1,In-house server 3,Quadro P600,1,0.44,0,0.105522,0,0.105522
40,334988,pytorch_alexnet,130000,1121,512,J31,JJ16,167368,546775,0.0140554,10360.3,60230.3,10360.3,100,167368,334988,n1,In-house server 3,Quadro P600,3,0.44,0,0.316565,0,0.316565
40,334988,tf_resnet50,130000,126,32,J143,JJ10,100461,1.11585e+06,0.0113172,64448.6,359763,10360.3,40.8545,100461,0,n3,In-house server 3,Quadro P600,2,0.44,0,0.168835,0,0.168835
40,334988,tf_alexnet,130000,285,512,J91,JJ26,279515,478856,0.013593,31710.9,262062,10360.3,37.4125,279515,0,n1,In-house server 3,Quadro P600,1,0.44,0,0.105522,0,0.105522
40,334988,tf_resnet50,130000,75,8,J121,JJ12,122749,498264,0.0063803,39811.2,169470,10360.3,72.641,122749,0,n1,In-house server 3,Quadro P600,1,0.44,0,0.105522,0,0.105522
40,334988,tf_alexnet,130000,288,1024,J100,JJ28,302112,580721,0.00331929,36559.2,304654,10360.3,23.1596,302112,0,n2,In-house server 3,Quadro P600,2,0.44,0,0.180895,0,0.180895
40,334988,pytorch_vgg19,130000,150,8,J71,JJ29,313272,9.42867e+06,0.00906461,42883.5,7.06211e+06,10360.3,1.83027,313272,0,n4,In-house server 3,Quadro P600,1,0.44,0,0.115115,0,0.115115
40,334988,tf_resnet50,130000,29,8,J137,JJ30,324628,603801,0.00471766,52807.2,224937,10360.3,4.60588,324628,0,n1,In-house server 3,Quadro P600,1,0.44,0,0.105522,0,0.105522
40,334988,tf_alexnet,130000,417,256,J102,JJ22,234742,826868,0.00500871,46511,378985,10360.3,41.1099,234742,0,n2,In-house server 3,Quadro P600,2,0.44,0,0.180895,0,0.180895
40,334988,tf_resnet50,130000,112,64,J144,JJ23,245834,539184,0.00860447,28348.9,178633,10360.3,64.2939,245834,0,n2,In-house server 3,Quadro P600,2,0.44,0,0.180895,0,0.180895
40,334988,pytorch_vgg19,130000,150,8,J68,JJ21,223583,3.07812e+06,0.0066921,29961.9,4.92623e+06,10360.3,31.7782,223583,0,n3,In-house server 3,Quadro P600,1,0.44,0,0.0844175,0,0.0844175
40,334988,tf_vgg19,130000,11,16,J166,JJ7,66785,568585,0.00739369,5346.57,75538.4,10360.3,90.7544,66785,0,n2,In-house server 3,Quadro P600,1,0.44,0,0.0904473,0,0.0904473
40,334988,tf_vgg19,130000,14,32,J176,JJ19,201359,1.05157e+06,0.0132322,24627.1,371791,10360.3,48.0254,201359,0,n2,In-house server 3,Quadro P600,1,0.44,0,0.0904473,0,0.0904473
41,335837,pytorch_resnet50,130000,3564,32,J51,JJ17,178710,1.84849e+07,0.0140526,42089.5,1.90161e+07,848.677,2.58028,178710,0,n2,In-house server 3,Quadro P600,2,0.44,0,0.015958,0,0.015958
41,335837,pytorch_resnet50,130000,3676,32,J59,JJ14,145125,1.23654e+07,0.003575,23820.4,1.10997e+07,848.677,44.8707,145125,0,n4,In-house server 3,Quadro P600,2,0.44,0,0.0188595,0,0.0188595
41,335837,pytorch_resnet50,130000,257,64,J48,JJ15,156236,1.25217e+06,0.0107998,1718.69,54353.3,848.677,97.1803,156236,0,n4,In-house server 3,Quadro P600,5,0.44,0,0.0471487,0,0.0471487
41,335837,tf_resnet50,130000,107,32,J151,JJ24,256997,1.18747e+06,0.0146461,71759.7,400549,848.677,20.3217,256997,0,n2,In-house server 3,Quadro P600,1,0.44,0,0.00797901,0,0.00797901
41,335837,pytorch_resnet50,130000,86,8,J33,JJ13,133968,1.17884e+06,0.00751855,67020.2,247282,848.677,54.8797,133968,0,n2,In-house server 3,Quadro P600,1,0.44,0,0.00797901,0,0.00797901
41,335837,pytorch_vgg19,130000,224,16,J69,JJ27,290767,1.16193e+06,0.00303448,37614.1,5.47628e+06,848.677,13.429,290767,0,n3,Standard_NV24,M60,4,2.48,0,0.334082,0,0.334082
41,335837,tf_alexnet,130000,311,128,J97,JJ20,212629,357854,0.0115476,5932.19,47291.6,848.677,91.3549,212629,0,n1,In-house server 3,Quadro P600,1,0.44,0,0.00691514,0,0.00691514
41,335837,tf_resnet50,130000,86,64,J140,JJ11,111717,524358,0.00406534,21851.7,137726,848.677,62.1827,111717,0,n1,In-house server 3,Quadro P600,1,0.44,0,0.00691514,0,0.00691514
41,335837,tf_resnet50,130000,75,8,J121,JJ12,122749,498264,0.0063803,37377.4,159109,848.677,72.7903,122749,0,n1,In-house server 3,Quadro P600,2,0.44,0,0.0138303,0,0.0138303
41,335837,tf_alexnet,130000,288,1024,J100,JJ28,302112,580721,0.00331929,33465.2,278871,848.677,23.7656,302112,0,n1,In-house server 3,Quadro P600,1,0.44,0,0.00691514,0,0.00691514
41,335837,tf_resnet50,130000,126,32,J143,JJ10,100461,1.11585e+06,0.0113172,62592.6,349403,848.677,40.9984,100461,0,n2,In-house server 3,Quadro P600,1,0.44,0,0.00797901,0,0.00797901
41,335837,tf_alexnet,130000,285,512,J91,JJ26,279515,478856,0.013593,28501,235535,848.677,37.9899,279515,0,n1,In-house server 3,Quadro P600,1,0.44,0,0.00691514,0,0.00691514
41,335837,tf_resnet50,130000,112,64,J144,JJ23,245834,539184,0.00860447,26704.7,168272,848.677,64.4756,245834,0,n1,In-house server 3,Quadro P600,1,0.44,0,0.00691514,0,0.00691514
41,335837,tf_alexnet,130000,417,256,J102,JJ22,234742,826868,0.00500871,43426.6,353853,848.677,41.4643,234742,0,n2,In-house server 3,Quadro P600,1,0.44,0,0.00797901,0,0.00797901
41,335837,pytorch_vgg19,130000,150,8,J71,JJ29,313272,9.42867e+06,0.00906461,42505.5,6.99985e+06,848.677,1.9018,313272,0,n4,In-house server 3,Quadro P600,1,0.44,0,0.00942974,0,0.00942974
41,335837,tf_resnet50,130000,29,8,J137,JJ30,324628,603801,0.00471766,50375,214577,848.677,4.98317,324628,0,n1,In-house server 3,Quadro P600,1,0.44,0,0.00691514,0,0.00691514
41,335837,pytorch_vgg19,130000,150,8,J68,JJ21,223583,3.07812e+06,0.0066921,29583.3,4.86398e+06,848.677,31.8497,223583,0,n2,In-house server 3,Quadro P600,1,0.44,0,0.00797901,0,0.00797901
41,335837,tf_vgg19,130000,14,32,J176,JJ19,201359,1.05157e+06,0.0132322,23583.2,356032,848.677,49.2188,201359,0,n3,Standard_NV24,M60,1,2.48,0,0.0835205,0,0.0835205
41,335837,tf_vgg19,130000,11,16,J166,JJ7,66785,568585,0.00739369,4326.16,61121.7,848.677,91.901,66785,0,n3,Standard_NV24,M60,1,2.48,0,0.0835205,0,0.0835205
42,337923,pytorch_resnet50,130000,3564,32,J51,JJ17,178710,1.84849e+07,0.0140526,42086,1.90145e+07,2086.14,2.64566,178710,0,n2,Standard_NV24,M60,4,2.48,0,0.71856,0,0.71856
42,337923,pytorch_resnet50,130000,3676,32,J59,JJ14,145125,1.23654e+07,0.003575,23816.9,1.10981e+07,2086.14,44.881,145125,0,n4,In-house server 3,Quadro P600,1,0.44,0,0.0283303,0,0.0283303
42,337923,pytorch_resnet50,130000,257,64,J48,JJ15,156236,1.25217e+06,0.0107998,1221.68,38635.6,2086.14,100,156236,337923,n4,In-house server 3,Quadro P600,5,0.44,0,0.141652,0,0.141652
42,337923,tf_resnet50,130000,107,32,J151,JJ24,256997,1.18747e+06,0.0146461,71607.4,399700,2086.14,20.7376,256997,0,n4,In-house server 3,Quadro P600,2,0.44,0,0.0566606,0,0.0566606
42,337923,pytorch_resnet50,130000,86,8,J33,JJ13,133968,1.17884e+06,0.00751855,66790.2,246434,2086.14,55.2617,133968,0,n3,In-house server 3,Quadro P600,1,0.44,0,0.0182123,0,0.0182123
42,337923,pytorch_vgg19,130000,224,16,J69,JJ27,290767,1.16193e+06,0.00303448,37532.3,5.46437e+06,2086.14,13.6756,290767,0,n2,Standard_NV24,M60,1,2.48,0,0.17964,0,0.17964
42,337923,tf_alexnet,130000,311,128,J97,JJ20,212629,357854,0.0115476,5673.23,45227.3,2086.14,92.3248,212629,0,n1,In-house server 3,Quadro P600,1,0.44,0,0.0169982,0,0.0169982
42,337923,tf_vgg19,130000,7,8,J156,JJ31,335837,570817,0.00583737,43954.9,577062,2086.14,2.97227,335837,0,n2,Standard_NV24,M60,1,2.48,0,0.17964,0,0.17964
42,337923,tf_resnet50,130000,86,64,J140,JJ11,111717,524358,0.00406534,21715.9,136870,2086.14,62.7591,111717,0,n1,In-house server 3,Quadro P600,2,0.44,0,0.0339964,0,0.0339964
42,337923,tf_resnet50,130000,126,32,J143,JJ10,100461,1.11585e+06,0.0113172,62440.4,348553,2086.14,41.352,100461,0,n3,In-house server 3,Quadro P600,1,0.44,0,0.0182123,0,0.0182123
42,337923,tf_alexnet,130000,285,512,J91,JJ26,279515,478856,0.013593,28238.1,233362,2086.14,39.4093,279515,0,n1,In-house server 3,Quadro P600,1,0.44,0,0.0169982,0,0.0169982
42,337923,tf_resnet50,130000,75,8,J121,JJ12,122749,498264,0.0063803,37173.5,158241,2086.14,73.149,122749,0,n1,In-house server 3,Quadro P600,1,0.44,0,0.0169982,0,0.0169982
42,337923,tf_alexnet,130000,288,1024,J100,JJ28,302112,580721,0.00331929,33201.3,276672,2086.14,25.1961,302112,0,n1,In-house server 3,Quadro P600,2,0.44,0,0.0339964,0,0.0339964
42,337923,tf_resnet50,130000,112,64,J144,JJ23,245834,539184,0.00860447,26568.8,167416,2086.14,64.9221,245834,0,n1,In-house server 3,Quadro P600,1,0.44,0,0.0169982,0,0.0169982
42,337923,tf_alexnet,130000,417,256,J102,JJ22,234742,826868,0.00500871,43165.3,351723,2086.14,42.3356,234742,0,n3,In-house server 3,Quadro P600,1,0.44,0,0.0182123,0,0.0182123
42,337923,pytorch_vgg19,130000,150,8,J71,JJ29,313272,9.42867e+06,0.00906461,42474.5,6.99475e+06,2086.14,2.18753,313272,0,n2,Standard_NV24,M60,1,2.48,0,0.17964,0,0.17964
42,337923,tf_resnet50,130000,29,8,J137,JJ30,324628,603801,0.00471766,50175.7,213728,2086.14,5.93169,324628,0,n3,In-house server 3,Quadro P600,2,0.44,0,0.0364247,0,0.0364247
42,337923,pytorch_vgg19,130000,150,8,J68,JJ21,223583,3.07812e+06,0.0066921,29552.3,4.85888e+06,2086.14,32.0255,223583,0,n3,In-house server 3,Quadro P600,1,0.44,0,0.0182123,0,0.0182123
42,337923,tf_vgg19,130000,14,32,J176,JJ19,201359,1.05157e+06,0.0132322,23041.7,347857,2086.14,49.6821,201359,0,n3,In-house server 3,Quadro P600,1,0.44,0,0.0182123,0,0.0182123
42,337923,tf_vgg19,130000,11,16,J166,JJ7,66785,568585,0.00739369,3789.64,53541.5,2086.14,92.3401,66785,0,n3,In-house server 3,Quadro P600,1,0.44,0,0.0182123,0,0.0182123
43,343593,pytorch_resnet50,130000,3564,32,J51,JJ17,178710,1.84849e+07,0.0140526,42057.7,1.90018e+07,5669.49,2.70101,178710,0,n4,In-house server 3,Quadro P600,2,0.44,0,0.0989912,0,0.0989912
43,343593,pytorch_resnet50,130000,3676,32,J59,JJ14,145125,1.23654e+07,0.003575,23812.4,1.1096e+07,5669.49,44.9347,145125,0,n4,In-house server 3,Quadro P600,2,0.44,0,0.0989912,0,0.0989912
43,343593,tf_resnet50,130000,107,32,J151,JJ24,256997,1.18747e+06,0.0146461,71233.7,397613,5669.49,21.8694,256997,0,n3,In-house server 3,Quadro P600,1,0.44,0,0.0494956,0,0.0494956
43,343593,pytorch_resnet50,130000,86,8,J33,JJ13,133968,1.17884e+06,0.00751855,66224.8,244347,5669.49,56.7596,133968,0,n3,In-house server 3,Quadro P600,2,0.44,0,0.0989912,0,0.0989912
43,343593,tf_resnet50,130000,86,64,J140,JJ11,111717,524358,0.00406534,21384.9,134783,5669.49,64.3256,111717,0,n1,In-house server 3,Quadro P600,2,0.44,0,0.0923917,0,0.0923917
43,343593,pytorch_vgg19,130000,224,16,J69,JJ27,290767,1.16193e+06,0.00303448,37425.4,5.44881e+06,5669.49,14.9363,290767,0,n2,Standard_NV24,M60,4,2.48,0,2.2318,0,2.2318
43,343593,tf_alexnet,130000,311,128,J97,JJ20,212629,357854,0.0115476,5036.7,40152.8,5669.49,94.8888,212629,0,n1,In-house server 3,Quadro P600,2,0.44,0,0.0923917,0,0.0923917
43,343593,tf_resnet50,130000,112,64,J144,JJ23,245834,539184,0.00860447,26234.8,165312,5669.49,66.1357,245834,0,n1,In-house server 3,Quadro P600,1,0.44,0,0.0461959,0,0.0461959
43,343593,tf_alexnet,130000,417,256,J102,JJ22,234742,826868,0.00500871,42522.8,346488,5669.49,44.6245,234742,0,n3,In-house server 3,Quadro P600,2,0.44,0,0.0989912,0,0.0989912
43,343593,tf_resnet50,130000,126,32,J143,JJ10,100461,1.11585e+06,0.0113172,62066.1,346464,5669.49,42.3117,100461,0,n4,In-house server 3,Quadro P600,2,0.44,0,0.0989912,0,0.0989912
43,343593,tf_alexnet,130000,285,512,J91,JJ26,279515,478856,0.013593,27591.8,228021,5669.49,43.2666,279515,0,n1,In-house server 3,Quadro P600,1,0.44,0,0.0461959,0,0.0461959
43,343593,tf_vgg19,130000,7,8,J156,JJ31,335837,570817,0.00583737,42648.4,559910,5669.49,11.05,335837,0,n2,Standard_NV24,M60,1,2.48,0,0.55795,0,0.55795
43,343593,tf_resnet50,130000,75,8,J121,JJ12,122749,498264,0.0063803,36683.4,156155,5669.49,74.1239,122749,0,n1,In-house server 3,Quadro P600,1,0.44,0,0.0461959,0,0.0461959
43,343593,tf_alexnet,130000,288,1024,J100,JJ28,302112,580721,0.00331929,32578.3,271480,5669.49,29.0837,302112,0,n3,In-house server 3,Quadro P600,2,0.44,0,0.0989912,0,0.0989912
43,343593,pytorch_vgg19,130000,150,8,J71,JJ29,313272,9.42867e+06,0.00906461,42350.8,6.97437e+06,5669.49,2.66536,313272,0,n4,In-house server 3,Quadro P600,1,0.44,0,0.0494956,0,0.0494956
43,343593,tf_resnet50,130000,29,8,J137,JJ30,324628,603801,0.00471766,49674.8,211594,5669.49,8.45217,324628,0,n1,In-house server 3,Quadro P600,1,0.44,0,0.0461959,0,0.0461959
43,343593,pytorch_vgg19,130000,150,8,J68,JJ21,223583,3.07812e+06,0.0066921,29476,4.84634e+06,5669.49,32.5034,223583,0,n4,In-house server 3,Quadro P600,1,0.44,0,0.0494956,0,0.0494956
43,343593,tf_vgg19,130000,14,32,J176,JJ19,201359,1.05157e+06,0.0132322,22831.5,344684,5669.49,50.941,201359,0,n3,In-house server 3,Quadro P600,1,0.44,0,0.0494956,0,0.0494956
43,343593,tf_vgg19,130000,11,16,J166,JJ7,66785,568585,0.00739369,3584.17,50638.6,5669.49,100,66785,343593,n2,Standard_NV24,M60,1,2.48,0,0.55795,0,0.55795
44,347044,pytorch_resnet50,130000,3564,32,J51,JJ17,178710,1.84849e+07,0.0140526,42033.8,1.8991e+07,3451.37,2.71869,178710,0,n4,In-house server 3,Quadro P600,1,0.44,0,0.0281222,0,0.0281222
44,347044,pytorch_resnet50,130000,3676,32,J59,JJ14,145125,1.23654e+07,0.003575,23789.3,1.10852e+07,3451.37,44.9674,145125,0,n4,In-house server 3,Quadro P600,2,0.44,0,0.0562445,0,0.0562445
44,347044,tf_vgg19,130000,7,8,J156,JJ31,335837,570817,0.00583737,39097.8,513297,3451.37,18.9021,335837,0,n2,In-house server 2,GTX 1080Ti,1,1.13,0,0.135418,0,0.135418
44,347044,pytorch_vgg19,130000,224,16,J69,JJ27,290767,1.16193e+06,0.00303448,36878.9,5.36923e+06,3451.37,18.4152,290767,0,n2,In-house server 2,GTX 1080Ti,7,1.13,0,0.947927,0,0.947927
44,347044,tf_alexnet,130000,311,128,J97,JJ20,212629,357854,0.0115476,3354.16,26739.5,3451.37,96.4935,212629,0,n1,In-house server 3,Quadro P600,1,0.44,0,0.030131,0,0.030131
44,347044,tf_resnet50,130000,112,64,J144,JJ23,245834,539184,0.00860447,25327.2,159593,3451.37,66.8681,245834,0,n1,In-house server 3,Quadro P600,2,0.44,0,0.0602619,0,0.0602619
44,347044,tf_alexnet,130000,417,256,J102,JJ22,234742,826868,0.00500871,40834.9,332735,3451.37,46.0659,234742,0,n3,In-house server 3,Quadro P600,1,0.44,0,0.0281222,0,0.0281222
44,347044,tf_resnet50,130000,126,32,J143,JJ10,100461,1.11585e+06,0.0113172,61050.5,340794,3451.37,42.8968,100461,0,n4,In-house server 3,Quadro P600,1,0.44,0,0.0281222,0,0.0281222
44,347044,tf_alexnet,130000,285,512,J91,JJ26,279515,478856,0.013593,25835.2,213504,3451.37,45.5272,279515,0,n1,In-house server 3,Quadro P600,2,0.44,0,0.0602619,0,0.0602619
44,347044,tf_resnet50,130000,75,8,J121,JJ12,122749,498264,0.0063803,35351.6,150486,3451.37,74.7173,122749,0,n1,In-house server 3,Quadro P600,1,0.44,0,0.030131,0,0.030131
44,347044,tf_alexnet,130000,288,1024,J100,JJ28,302112,580721,0.00331929,30885.2,257371,3451.37,31.4503,302112,0,n1,In-house server 3,Quadro P600,2,0.44,0,0.0602619,0,0.0602619
44,347044,tf_resnet50,130000,86,64,J140,JJ11,111717,524358,0.00406534,20485.4,129114,3451.37,65.2876,111717,0,n3,In-house server 3,Quadro P600,1,0.44,0,0.0281222,0,0.0281222
44,347044,pytorch_vgg19,130000,150,8,J71,JJ29,313272,9.42867e+06,0.00906461,42143.9,6.9403e+06,3451.37,2.95624,313272,0,n4,In-house server 3,Quadro P600,1,0.44,0,0.0281222,0,0.0281222
44,347044,tf_resnet50,130000,29,8,J137,JJ30,324628,603801,0.00471766,48343.8,205925,3451.37,10.0214,324628,0,n3,In-house server 3,Quadro P600,2,0.44,0,0.0562445,0,0.0562445
44,347044,pytorch_vgg19,130000,150,8,J68,JJ21,223583,3.07812e+06,0.0066921,29268.8,4.81227e+06,3451.37,32.7943,223583,0,n4,In-house server 3,Quadro P600,1,0.44,0,0.0281222,0,0.0281222
44,347044,tf_vgg19,130000,14,32,J176,JJ19,201359,1.05157e+06,0.0132322,22260.2,336060,3451.37,51.7075,201359,0,n3,In-house server 3,Quadro P600,1,0.44,0,0.0281222,0,0.0281222
44,347044,tf_resnet50,130000,107,32,J151,JJ24,256997,1.18747e+06,0.0146461,70216.5,391936,3451.37,22.5574,256997,0,n4,In-house server 3,Quadro P600,2,0.44,0,0.0562445,0,0.0562445
44,347044,pytorch_resnet50,130000,86,8,J33,JJ13,133968,1.17884e+06,0.00751855,64007.4,236166,3451.37,57.6715,133968,0,n3,In-house server 3,Quadro P600,2,0.44,0,0.0562445,0,0.0562445
45,354585,pytorch_resnet50,130000,3676,32,J59,JJ14,145125,1.23654e+07,0.003575,23775.2,1.10786e+07,7541.41,45.1649,145125,0,n2,In-house server 2,GTX 1080Ti,2,1.13,0,0.591791,0,0.591791
45,354585,pytorch_resnet50,130000,3564,32,J51,JJ17,178710,1.84849e+07,0.0140526,42026.2,1.89875e+07,7541.41,2.79231,178710,0,n4,In-house server 3,Quadro P600,2,0.44,0,0.122897,0,0.122897
45,354585,pytorch_resnet50,130000,86,8,J33,JJ13,133968,1.17884e+06,0.00751855,62657.6,231186,7541.41,59.6641,133968,0,n4,In-house server 3,Quadro P600,2,0.44,0,0.122897,0,0.122897
45,354585,tf_resnet50,130000,107,32,J151,JJ24,256997,1.18747e+06,0.0146461,69598.2,388484,7541.41,24.063,256997,0,n4,In-house server 3,Quadro P600,1,0.44,0,0.0614485,0,0.0614485
45,354585,pytorch_vgg19,130000,150,8,J68,JJ21,223583,3.07812e+06,0.0066921,29142.7,4.79153e+06,7541.41,33.4299,223583,0,n4,In-house server 3,Quadro P600,1,0.44,0,0.0614485,0,0.0614485
45,354585,tf_vgg19,130000,14,32,J176,JJ19,201359,1.05157e+06,0.0132322,21912.5,330809,7541.41,53.3821,201359,0,n4,In-house server 3,Quadro P600,1,0.44,0,0.0614485,0,0.0614485
45,354585,tf_vgg19,130000,7,8,J156,JJ31,335837,570817,0.00583737,35646.5,467986,7541.41,36.0592,335837,0,n2,In-house server 2,GTX 1080Ti,1,1.13,0,0.295895,0,0.295895
45,354585,tf_resnet50,130000,86,64,J140,JJ11,111717,524358,0.00406534,19933,125632,7541.41,67.3896,111717,0,n1,In-house server 3,Quadro P600,1,0.44,0,0.0614485,0,0.0614485
45,354585,tf_resnet50,130000,112,64,J144,JJ23,245834,539184,0.00860447,24779.5,156141,7541.41,68.4683,245834,0,n1,In-house server 3,Quadro P600,2,0.44,0,0.122897,0,0.122897
45,354585,tf_alexnet,130000,417,256,J102,JJ22,234742,826868,0.00500871,39772,324074,7541.41,49.1105,234742,0,n3,In-house server 3,Quadro P600,2,0.44,0,0.131675,0,0.131675
45,354585,pytorch_vgg19,130000,224,16,J69,JJ27,290767,1.16193e+06,0.00303448,35370.6,5.14965e+06,7541.41,35.81,290767,0,n2,In-house server 2,GTX 1080Ti,5,1.13,0,1.47948,0,1.47948
45,354585,tf_alexnet,130000,311,128,J97,JJ20,212629,357854,0.0115476,2301.06,18344.2,7541.41,100,212629,354585,n1,In-house server 3,Quadro P600,1,0.44,0,0.0614485,0,0.0614485
45,354585,tf_resnet50,130000,126,32,J143,JJ10,100461,1.11585e+06,0.0113172,60431.3,337338,7541.41,44.1734,100461,0,n3,In-house server 3,Quadro P600,2,0.44,0,0.131675,0,0.131675
45,354585,tf_alexnet,130000,285,512,J91,JJ26,279515,478856,0.013593,24805.8,204997,7541.41,50.6582,279515,0,n1,In-house server 3,Quadro P600,1,0.44,0,0.0614485,0,0.0614485
45,354585,pytorch_vgg19,130000,150,8,J71,JJ29,313272,9.42867e+06,0.00906461,42017.9,6.91956e+06,7541.41,3.59184,313272,0,n4,In-house server 3,Quadro P600,1,0.44,0,0.0614485,0,0.0614485
45,354585,tf_resnet50,130000,29,8,J137,JJ30,324628,603801,0.00471766,47515.2,202395,7541.41,13.4503,324628,0,n3,In-house server 3,Quadro P600,2,0.44,0,0.131675,0,0.131675
45,354585,tf_resnet50,130000,75,8,J121,JJ12,122749,498264,0.0063803,34540.8,147034,7541.41,76.0436,122749,0,n1,In-house server 3,Quadro P600,2,0.44,0,0.122897,0,0.122897
45,354585,tf_alexnet,130000,288,1024,J100,JJ28,302112,580721,0.00331929,29854.5,248782,7541.41,36.8349,302112,0,n1,In-house server 3,Quadro P600,1,0.44,0,0.0614485,0,0.0614485
45,354585,pytorch_alexnet,130000,1101,1024,J8,JJ32,347044,859463,0.0106108,57509.1,421816,7541.41,3.96379,347044,0,n3,In-house server 3,Quadro P600,2,0.44,0,0.131675,0,0.131675
46,358261,pytorch_resnet50,130000,3564,32,J51,JJ17,178710,1.84849e+07,0.0140526,41994.4,1.89731e+07,3675.59,2.82819,178710,0,n4,In-house server 3,Quadro P600,2,0.44,0,0.0598986,0,0.0598986
46,358261,pytorch_resnet50,130000,3676,32,J59,JJ14,145125,1.23654e+07,0.003575,23689.8,1.10388e+07,3675.59,45.1997,145125,0,n4,In-house server 3,Quadro P600,2,0.44,0,0.0598986,0,0.0598986
46,358261,pytorch_vgg19,130000,224,16,J69,JJ27,290767,1.16193e+06,0.00303448,27829.2,4.05168e+06,3675.59,44.288,290767,0,n2,In-house server 2,GTX 1080Ti,5,1.13,0,0.96144,0,0.96144
46,358261,tf_vgg19,130000,7,8,J156,JJ31,335837,570817,0.00583737,28105.1,368978,3675.59,44.4214,335837,0,n2,In-house server 2,GTX 1080Ti,1,1.13,0,0.192288,0,0.192288
46,358261,tf_resnet50,130000,86,64,J140,JJ11,111717,524358,0.00406534,18726,118025,3675.59,68.4051,111717,0,n1,In-house server 3,Quadro P600,2,0.44,0,0.064177,0,0.064177
46,358261,tf_resnet50,130000,112,64,J144,JJ23,245834,539184,0.00860447,23582.7,148600,3675.59,69.2551,245834,0,n1,In-house server 3,Quadro P600,1,0.44,0,0.0320885,0,0.0320885
46,358261,tf_alexnet,130000,417,256,J102,JJ22,234742,826868,0.00500871,37526.8,305779,3675.59,50.6456,234742,0,n3,In-house server 3,Quadro P600,1,0.44,0,0.0408399,0,0.0408399
46,358261,tf_resnet50,130000,126,32,J143,JJ10,100461,1.11585e+06,0.0113172,59080.3,329796,3675.59,44.7965,100461,0,n4,In-house server 3,Quadro P600,1,0.44,0,0.0299493,0,0.0299493
46,358261,tf_alexnet,130000,285,512,J91,JJ26,279515,478856,0.013593,22469.2,185688,3675.59,53.0656,279515,0,n1,In-house server 3,Quadro P600,2,0.44,0,0.064177,0,0.064177
46,358261,pytorch_vgg19,130000,150,8,J71,JJ29,313272,9.42867e+06,0.00906461,41742.7,6.87424e+06,3675.59,3.90162,313272,0,n4,In-house server 3,Quadro P600,1,0.44,0,0.0299493,0,0.0299493
46,358261,tf_resnet50,130000,29,8,J137,JJ30,324628,603801,0.00471766,45704.5,194682,3675.59,15.1215,324628,0,n3,In-house server 3,Quadro P600,2,0.44,0,0.0816798,0,0.0816798
46,358261,tf_resnet50,130000,75,8,J121,JJ12,122749,498264,0.0063803,32728.8,139321,3675.59,76.6901,122749,0,n1,In-house server 3,Quadro P600,2,0.44,0,0.064177,0,0.064177
46,358261,tf_alexnet,130000,288,1024,J100,JJ28,302112,580721,0.00331929,27509.4,229240,3675.59,39.4593,302112,0,n1,In-house server 3,Quadro P600,1,0.44,0,0.0320885,0,0.0320885
46,358261,pytorch_alexnet,130000,1101,1024,J8,JJ32,347044,859463,0.0106108,55229.5,405096,3675.59,10.3551,347044,0,n3,In-house server 3,Quadro P600,3,0.44,0,0.12252,0,0.12252
46,358261,tf_resnet50,130000,107,32,J151,JJ24,256997,1.18747e+06,0.0146461,68245.1,380932,3675.59,24.7967,256997,0,n4,In-house server 3,Quadro P600,1,0.44,0,0.0299493,0,0.0299493
46,358261,pytorch_resnet50,130000,86,8,J33,JJ13,133968,1.17884e+06,0.00751855,59708.1,220303,3675.59,60.3371,133968,0,n3,In-house server 3,Quadro P600,1,0.44,0,0.0408399,0,0.0408399
46,358261,pytorch_vgg19,130000,150,8,J68,JJ21,223583,3.07812e+06,0.0066921,28867.1,4.74622e+06,3675.59,33.7396,223583,0,n4,In-house server 3,Quadro P600,1,0.44,0,0.0299493,0,0.0299493
46,358261,tf_vgg19,130000,14,32,J176,JJ19,201359,1.05157e+06,0.0132322,21152.6,319338,3675.59,54.1983,201359,0,n3,In-house server 3,Quadro P600,1,0.44,0,0.0408399,0,0.0408399
47,369490,pytorch_resnet50,130000,3676,32,J59,JJ14,145125,1.23654e+07,0.003575,23674.8,1.10318e+07,11229,45.2555,145125,0,n4,In-house server 3,Quadro P600,1,0.44,0,0.0914956,0,0.0914956
47,369490,pytorch_resnet50,130000,3564,32,J51,JJ17,178710,1.84849e+07,0.0140526,41978.9,1.89661e+07,11229,3.16715,178710,0,n2,In-house server 2,GTX 1080Ti,3,1.13,0,1.32175,0,1.32175
47,369490,pytorch_vgg19,130000,224,16,J69,JJ27,290767,1.16193e+06,0.00303448,24153.6,3.51655e+06,11229,56.0611,290767,0,n2,In-house server 2,GTX 1080Ti,4,1.13,0,1.76233,0,1.76233
47,369490,pytorch_resnet50,130000,257,64,J44,JJ33,358261,2.26207e+06,0.00519791,43361.6,1.37034e+06,11229,1.66703,358261,0,n4,In-house server 3,Quadro P600,2,0.44,0,0.182991,0,0.182991
47,369490,pytorch_resnet50,130000,86,8,J33,JJ13,133968,1.17884e+06,0.00751855,58711.9,216627,11229,63.3039,133968,0,n4,In-house server 3,Quadro P600,2,0.44,0,0.182991,0,0.182991
47,369490,tf_resnet50,130000,107,32,J151,JJ24,256997,1.18747e+06,0.0146461,67585.7,377251,11229,27.0384,256997,0,n4,In-house server 3,Quadro P600,1,0.44,0,0.0914956,0,0.0914956
47,369490,tf_alexnet,130000,288,1024,J100,JJ28,302112,580721,0.00331929,26366.5,219716,11229,47.4768,302112,0,n1,In-house server 3,Quadro P600,1,0.44,0,0.098031,0,0.098031
47,369490,tf_resnet50,130000,75,8,J121,JJ12,122749,498264,0.0063803,31845.7,135562,11229,78.6649,122749,0,n1,In-house server 3,Quadro P600,2,0.44,0,0.196062,0,0.196062
47,369490,tf_vgg19,130000,7,8,J156,JJ31,335837,570817,0.00583737,24429.5,320723,11229,69.9681,335837,0,n2,In-house server 2,GTX 1080Ti,1,1.13,0,0.440582,0,0.440582
47,369490,tf_resnet50,130000,86,64,J140,JJ11,111717,524358,0.00406534,18142.8,114349,11229,71.5077,111717,0,n1,In-house server 3,Quadro P600,2,0.44,0,0.196062,0,0.196062
47,369490,tf_alexnet,130000,285,512,J91,JJ26,279515,478856,0.013593,21372.9,176628,11229,60.4205,279515,0,n1,In-house server 3,Quadro P600,2,0.44,0,0.196062,0,0.196062
47,369490,tf_resnet50,130000,126,32,J143,JJ10,100461,1.11585e+06,0.0113172,58420.9,326116,11229,46.7,100461,0,n3,In-house server 3,Quadro P600,1,0.44,0,0.114369,0,0.114369
47,369490,pytorch_vgg19,130000,150,8,J71,JJ29,313272,9.42867e+06,0.00906461,41608.6,6.85215e+06,11229,4.84801,313272,0,n4,In-house server 3,Quadro P600,1,0.44,0,0.0914956,0,0.0914956
47,369490,tf_resnet50,130000,29,8,J137,JJ30,324628,603801,0.00471766,44821.9,190923,11229,20.1136,324628,0,n1,In-house server 3,Quadro P600,1,0.44,0,0.098031,0,0.098031
47,369490,tf_alexnet,130000,417,256,J102,JJ22,234742,826868,0.00500871,36394.8,296556,11229,55.3353,234742,0,n3,In-house server 3,Quadro P600,1,0.44,0,0.114369,0,0.114369
47,369490,tf_resnet50,130000,112,64,J144,JJ23,245834,539184,0.00860447,22994.2,144892,11229,71.6587,245834,0,n3,In-house server 3,Quadro P600,1,0.44,0,0.114369,0,0.114369
47,369490,pytorch_vgg19,130000,150,8,J68,JJ21,223583,3.07812e+06,0.0066921,28732.7,4.72413e+06,11229,34.686,223583,0,n4,In-house server 3,Quadro P600,1,0.44,0,0.0914956,0,0.0914956
47,369490,tf_vgg19,130000,14,32,J176,JJ19,201359,1.05157e+06,0.0132322,20782.3,313747,11229,56.6918,201359,0,n3,In-house server 3,Quadro P600,1,0.44,0,0.114369,0,0.114369
47,369490,pytorch_alexnet,130000,1101,1024,J8,JJ32,347044,859463,0.0106108,51553.9,378136,11229,29.8807,347044,0,n3,In-house server 3,Quadro P600,3,0.44,0,0.343108,0,0.343108
48,380636,pytorch_resnet50,130000,3564,32,J51,JJ17,178710,1.84849e+07,0.0140526,41832.4,1.89e+07,11146,3.51648,178710,0,n3,Standard_NV24,M60,4,2.48,0,3.83918,0,3.83918
48,380636,pytorch_resnet50,130000,3676,32,J59,JJ14,145125,1.23654e+07,0.003575,23650.7,1.10206e+07,11146,45.4455,145125,0,n3,Standard_NV24,M60,1,2.48,0,0.959794,0,0.959794
48,380636,pytorch_vgg19,130000,224,16,J69,JJ27,290767,1.16193e+06,0.00303448,19049.4,2.77343e+06,11146,67.7473,290767,0,n2,In-house server 2,GTX 1080Ti,4,1.13,0,1.7493,0,1.7493
48,380636,pytorch_resnet50,130000,257,64,J44,JJ33,358261,2.26207e+06,0.00519791,42638.7,1.3475e+06,11146,7.30593,358261,0,n2,In-house server 2,GTX 1080Ti,3,1.13,0,1.31198,0,1.31198
48,380636,pytorch_resnet50,130000,86,8,J33,JJ13,133968,1.17884e+06,0.00751855,54320.1,200423,11146,65.3447,133968,0,n4,In-house server 3,Quadro P600,1,0.44,0,0.0908193,0,0.0908193
48,380636,tf_resnet50,130000,107,32,J151,JJ24,256997,1.18747e+06,0.0146461,65571.1,366006,11146,29.2603,256997,0,n4,In-house server 3,Quadro P600,2,0.44,0,0.181639,0,0.181639
48,380636,tf_vgg19,130000,7,8,J156,JJ31,335837,570817,0.00583737,13200.5,173303,11146,95.3259,335837,0,n2,In-house server 2,GTX 1080Ti,1,1.13,0,0.437326,0,0.437326
48,380636,tf_resnet50,130000,86,64,J140,JJ11,111717,524358,0.00406534,16361.2,103120,11146,74.6143,111717,0,n1,In-house server 3,Quadro P600,1,0.44,0,0.0908193,0,0.0908193
48,380636,tf_resnet50,130000,126,32,J143,JJ10,100461,1.11585e+06,0.0113172,56406.4,314870,11146,48.5895,100461,0,n4,In-house server 3,Quadro P600,1,0.44,0,0.0908193,0,0.0908193
48,380636,tf_alexnet,130000,285,512,J91,JJ26,279515,478856,0.013593,18023.7,148949,11146,68.0039,279515,0,n1,In-house server 3,Quadro P600,1,0.44,0,0.0908193,0,0.0908193
48,380636,tf_alexnet,130000,288,1024,J100,JJ28,302112,580721,0.00331929,22874.7,190619,11146,55.435,302112,0,n1,In-house server 3,Quadro P600,1,0.44,0,0.0908193,0,0.0908193
48,380636,tf_resnet50,130000,75,8,J121,JJ12,122749,498264,0.0063803,29147.6,124077,11146,80.5815,122749,0,n1,In-house server 3,Quadro P600,1,0.44,0,0.0908193,0,0.0908193
48,380636,tf_alexnet,130000,417,256,J102,JJ22,234742,826868,0.00500871,32936.6,268377,11146,59.9903,234742,0,n1,In-house server 3,Quadro P600,1,0.44,0,0.0908193,0,0.0908193
48,380636,tf_resnet50,130000,112,64,J144,JJ23,245834,539184,0.00860447,21196.6,133564,11146,74.0445,245834,0,n1,In-house server 3,Quadro P600,1,0.44,0,0.0908193,0,0.0908193
48,380636,tf_resnet50,130000,107,32,J151,JJ34,369490,712678,0.00644072,89870.7,501642,11146,6.43583,369490,0,n3,Standard_NV24,M60,1,2.48,0,0.959794,0,0.959794
48,380636,pytorch_vgg19,130000,150,8,J71,JJ29,313272,9.42867e+06,0.00906461,41198.8,6.78467e+06,11146,6.37463,313272,0,n3,Standard_NV24,M60,1,2.48,0,0.959794,0,0.959794
48,380636,tf_resnet50,130000,29,8,J137,JJ30,324628,603801,0.00471766,42185.8,179694,11146,25.1814,324628,0,n1,In-house server 3,Quadro P600,2,0.44,0,0.181639,0,0.181639
48,380636,pytorch_vgg19,130000,150,8,J68,JJ21,223583,3.07812e+06,0.0066921,28322.3,4.65666e+06,11146,35.6254,223583,0,n4,In-house server 3,Quadro P600,1,0.44,0,0.0908193,0,0.0908193
48,380636,tf_vgg19,130000,14,32,J176,JJ19,201359,1.05157e+06,0.0132322,19650.8,296666,11146,59.1669,201359,0,n4,In-house server 3,Quadro P600,1,0.44,0,0.0908193,0,0.0908193
48,380636,pytorch_alexnet,130000,1101,1024,J8,JJ32,347044,859463,0.0106108,40324.9,295774,11146,35.7391,347044,0,n4,In-house server 3,Quadro P600,2,0.44,0,0.181639,0,0.181639
49,382690,pytorch_vgg19,130000,224,16,J69,JJ27,290767,1.16193e+06,0.00303448,13983,2.0358e+06,2054.48,67.9901,290767,0,n3,Standard_NV24X,M60,1,4.96,0,0.188708,0,0.188708
49,382690,pytorch_resnet50,130000,3676,32,J59,JJ14,145125,1.23654e+07,0.003575,23568.6,1.09823e+07,2054.48,45.4805,145125,0,n3,Standard_NV24X,M60,1,4.96,0,0.188708,0,0.188708
49,382690,pytorch_resnet50,130000,3564,32,J51,JJ17,178710,1.84849e+07,0.0140526,41681.5,1.88318e+07,2054.48,3.55259,178710,0,n3,Standard_NV24X,M60,1,4.96,0,0.188708,0,0.188708
49,382690,tf_vgg19,130000,11,16,J163,JJ35,380636,1.63226e+06,0.00358445,46791.5,661086,2054.48,2.77575,380636,0,n3,Standard_NV24X,M60,1,4.96,0,0.188708,0,0.188708
49,382690,pytorch_resnet50,130000,257,64,J44,JJ33,358261,2.26207e+06,0.00519791,40193.6,1.27023e+06,2054.48,9.30377,358261,0,n4,In-house server 2,GTX 1080Ti,7,1.13,0,0.564268,0,0.564268
49,382690,pytorch_resnet50,130000,86,8,J33,JJ13,133968,1.17884e+06,0.00751855,51299.3,189277,2054.48,66.4954,133968,0,n3,Standard_NV24X,M60,1,4.96,0,0.188708,0,0.188708
49,382690,tf_resnet50,130000,107,32,J151,JJ24,256997,1.18747e+06,0.0146461,63574.2,354860,2054.48,29.6705,256997,0,n2,In-house server 3,Quadro P600,1,0.44,0,0.0179359,0,0.0179359
49,382690,pytorch_vgg19,130000,150,8,J71,JJ29,313272,9.42867e+06,0.00906461,40537.9,6.67582e+06,2054.48,6.65602,313272,0,n3,Standard_NV24X,M60,1,4.96,0,0.188708,0,0.188708
49,382690,tf_resnet50,130000,29,8,J137,JJ30,324628,603801,0.00471766,39509.6,168295,2054.48,26.1155,324628,0,n1,In-house server 3,Quadro P600,2,0.44,0,0.0334804,0,0.0334804
49,382690,tf_resnet50,130000,112,64,J144,JJ23,245834,539184,0.00860447,19412.2,122321,2054.48,74.4804,245834,0,n1,In-house server 3,Quadro P600,2,0.44,0,0.0334804,0,0.0334804
49,382690,tf_resnet50,130000,107,32,J151,JJ34,369490,712678,0.00644072,84086.8,469357,2054.48,7.62211,369490,0,n3,Standard_NV24X,M60,1,4.96,0,0.188708,0,0.188708
49,382690,tf_alexnet,130000,417,256,J102,JJ22,234742,826868,0.00500871,29503.9,240406,2054.48,60.8483,234742,0,n1,In-house server 3,Quadro P600,1,0.44,0,0.0167402,0,0.0167402
49,382690,tf_resnet50,130000,126,32,J143,JJ10,100461,1.11585e+06,0.0113172,54406.8,303708,2054.48,48.9373,100461,0,n2,In-house server 3,Quadro P600,2,0.44,0,0.0358719,0,0.0358719
49,382690,tf_alexnet,130000,285,512,J91,JJ26,279515,478856,0.013593,14570.4,120411,2054.48,69.4017,279515,0,n1,In-house server 3,Quadro P600,1,0.44,0,0.0167402,0,0.0167402
49,382690,tf_resnet50,130000,86,64,J140,JJ11,111717,524358,0.00406534,14577.3,91876.7,2054.48,75.187,111717,0,n1,In-house server 3,Quadro P600,1,0.44,0,0.0167402,0,0.0167402
49,382690,tf_resnet50,130000,75,8,J121,JJ12,122749,498264,0.0063803,26529.3,112931,2054.48,80.9348,122749,0,n1,In-house server 3,Quadro P600,1,0.44,0,0.0167402,0,0.0167402
49,382690,tf_alexnet,130000,288,1024,J100,JJ28,302112,580721,0.00331929,19408.8,161736,2054.48,56.8438,302112,0,n2,In-house server 3,Quadro P600,2,0.44,0,0.0358719,0,0.0358719
49,382690,pytorch_alexnet,130000,1101,1024,J8,JJ32,347044,859463,0.0106108,36955.8,271062,2054.48,36.819,347044,0,n2,In-house server 3,Quadro P600,2,0.44,0,0.0358719,0,0.0358719
49,382690,pytorch_vgg19,130000,150,8,J68,JJ21,223583,3.07812e+06,0.0066921,27915,4.58968e+06,2054.48,35.9068,223583,0,n3,Standard_NV24X,M60,1,4.96,0,0.188708,0,0.188708
49,382690,tf_vgg19,130000,14,32,J176,JJ19,201359,1.05157e+06,0.0132322,18527.8,279711,2054.48,59.6232,201359,0,n2,In-house server 3,Quadro P600,1,0.44,0,0.0179359,0,0.0179359
49,382690,tf_vgg19,130000,7,8,J156,JJ31,335837,570817,0.00583737,2054.48,26972.3,2054.48,100,335837,382690,n4,In-house server 2,GTX 1080Ti,1,1.13,0,0.0806098,0,0.0806098
50,392061,pytorch_resnet50,130000,3676,32,J59,JJ14,145125,1.23654e+07,0.003575,23553.5,1.09753e+07,9370.52,45.5692,145125,0,n4,In-house server 3,Quadro P600,2,0.44,0,0.152705,0,0.152705
50,392061,pytorch_vgg19,130000,224,16,J69,JJ27,290767,1.16193e+06,0.00303448,13877.7,2.02047e+06,9370.52,70.0737,290767,0,n2,Standard_NV24,M60,4,2.48,0,3.22762,0,3.22762
50,392061,pytorch_resnet50,130000,3564,32,J51,JJ17,178710,1.84849e+07,0.0140526,41665.9,1.88247e+07,9370.52,3.64407,178710,0,n4,In-house server 3,Quadro P600,2,0.44,0,0.152705,0,0.152705
50,392061,tf_vgg19,130000,11,16,J163,JJ35,380636,1.63226e+06,0.00358445,45492.7,642736,9370.52,4.74818,380636,0,n4,In-house server 3,Quadro P600,1,0.44,0,0.0763524,0,0.0763524
50,392061,tf_resnet50,130000,126,32,J143,JJ10,100461,1.11585e+06,0.0113172,54038.8,301654,9370.52,50.5258,100461,0,n3,In-house server 3,Quadro P600,1,0.44,0,0.0880989,0,0.0880989
50,392061,tf_alexnet,130000,285,512,J91,JJ26,279515,478856,0.013593,13933.8,115150,9370.52,75.5393,279515,0,n1,In-house server 3,Quadro P600,2,0.44,0,0.152705,0,0.152705
50,392061,tf_resnet50,130000,112,64,J144,JJ23,245834,539184,0.00860447,19086.2,120266,9370.52,76.4862,245834,0,n1,In-house server 3,Quadro P600,1,0.44,0,0.0763524,0,0.0763524
50,392061,tf_resnet50,130000,107,32,J151,JJ34,369490,712678,0.00644072,83020.7,463406,9370.52,13.0328,369490,0,n2,Standard_NV24,M60,1,2.48,0,0.806906,0,0.806906
50,392061,tf_alexnet,130000,417,256,J102,JJ22,234742,826868,0.00500871,28871.2,235250,9370.52,64.7618,234742,0,n3,In-house server 3,Quadro P600,1,0.44,0,0.0880989,0,0.0880989
50,392061,tf_alexnet,130000,288,1024,J100,JJ28,302112,580721,0.00331929,18795.2,156624,9370.52,63.5343,302112,0,n1,In-house server 3,Quadro P600,1,0.44,0,0.0763524,0,0.0763524
50,392061,tf_resnet50,130000,75,8,J121,JJ12,122749,498264,0.0063803,26046.6,110876,9370.52,82.546,122749,0,n1,In-house server 3,Quadro P600,1,0.44,0,0.0763524,0,0.0763524
50,392061,tf_resnet50,130000,86,64,J140,JJ11,111717,524358,0.00406534,14248.5,89804.2,9370.52,77.7987,111717,0,n1,In-house server 3,Quadro P600,1,0.44,0,0.0763524,0,0.0763524
50,392061,pytorch_vgg19,130000,150,8,J71,JJ29,313272,9.42867e+06,0.00906461,40416,6.65576e+06,9370.52,7.00562,313272,0,n4,In-house server 3,Quadro P600,2,0.44,0,0.152705,0,0.152705
50,392061,tf_resnet50,130000,29,8,J137,JJ30,324628,603801,0.00471766,39016.3,166194,9370.52,30.376,324628,0,n1,In-house server 3,Quadro P600,2,0.44,0,0.152705,0,0.152705
50,392061,pytorch_alexnet,130000,1101,1024,J8,JJ32,347044,859463,0.0106108,36334.8,266507,9370.52,53.1129,347044,0,n3,In-house server 3,Quadro P600,3,0.44,0,0.264297,0,0.264297
50,392061,pytorch_vgg19,130000,150,8,J68,JJ21,223583,3.07812e+06,0.0066921,27793,4.56962e+06,9370.52,36.6966,223583,0,n4,In-house server 3,Quadro P600,1,0.44,0,0.0763524,0,0.0763524
50,392061,tf_vgg19,130000,14,32,J176,JJ19,201359,1.05157e+06,0.0132322,18320.8,276586,9370.52,72.7997,201359,0,n2,Standard_NV24,M60,1,2.48,0,0.806906,0,0.806906
50,392061,pytorch_resnet50,130000,257,64,J44,JJ33,358261,2.26207e+06,0.00519791,39327.3,1.24285e+06,9370.52,11.7082,358261,0,n2,Standard_NV24,M60,1,2.48,0,0.806906,0,0.806906
50,392061,pytorch_resnet50,130000,86,8,J33,JJ13,133968,1.17884e+06,0.00751855,49595.9,182992,9370.52,68.9712,133968,0,n3,In-house server 3,Quadro P600,2,0.44,0,0.176198,0,0.176198
50,392061,tf_resnet50,130000,107,32,J151,JJ24,256997,1.18747e+06,0.0146461,63205.6,352802,9370.52,31.5412,256997,0,n3,In-house server 3,Quadro P600,1,0.44,0,0.0880989,0,0.0880989
51,403375,pytorch_resnet50,130000,3676,32,J59,JJ14,145125,1.23654e+07,0.003575,23515.2,1.09574e+07,11314,45.8356,145125,0,n3,Standard_NV24X,M60,2,4.96,0,2.39818,0,2.39818
51,403375,pytorch_resnet50,130000,3564,32,J51,JJ17,178710,1.84849e+07,0.0140526,41626.4,1.88069e+07,11314,3.84295,178710,0,n3,Standard_NV24X,M60,1,4.96,0,1.19909,0,1.19909
51,403375,tf_vgg19,130000,11,16,J163,JJ35,380636,1.63226e+06,0.00358445,44569.8,629697,11314,7.12969,380636,0,n4,In-house server 3,Quadro P600,1,0.44,0,0.098773,0,0.098773
51,403375,pytorch_vgg19,130000,224,16,J69,JJ27,290767,1.16193e+06,0.00303448,12974.4,1.88895e+06,11314,71.4112,290767,0,n3,Standard_NV24X,M60,1,4.96,0,1.19909,0,1.19909
51,403375,tf_resnet50,130000,103,16,J146,JJ36,392061,1.49099e+06,0.00881309,121928,587731,11314,1.92503,392061,0,n2,In-house server 3,Quadro P600,1,0.44,0,0.098773,0,0.098773
51,403375,pytorch_vgg19,130000,150,8,J68,JJ21,223583,3.07812e+06,0.0066921,27450.5,4.51331e+06,11314,37.6502,223583,0,n4,In-house server 3,Quadro P600,1,0.44,0,0.098773,0,0.098773
51,403375,tf_vgg19,130000,14,32,J176,JJ19,201359,1.05157e+06,0.0132322,12342,186325,11314,88.7092,201359,0,n3,Standard_NV24X,M60,1,4.96,0,1.19909,0,1.19909
51,403375,pytorch_vgg19,130000,150,8,J71,JJ29,313272,9.42867e+06,0.00906461,40264.6,6.63083e+06,11314,8.55525,313272,0,n3,Standard_NV24X,M60,1,4.96,0,1.19909,0,1.19909
51,403375,tf_resnet50,130000,29,8,J137,JJ30,324628,603801,0.00471766,36766.5,156610,11314,35.5202,324628,0,n2,In-house server 3,Quadro P600,2,0.44,0,0.197546,0,0.197546
51,403375,tf_resnet50,130000,112,64,J144,JJ23,245834,539184,0.00860447,17586,110814,11314,78.887,245834,0,n1,In-house server 3,Quadro P600,2,0.44,0,0.197546,0,0.197546
51,403375,tf_resnet50,130000,107,32,J151,JJ34,369490,712678,0.00644072,78158.1,436264,11314,19.5656,369490,0,n3,Standard_NV24X,M60,1,4.96,0,1.19909,0,1.19909
51,403375,tf_alexnet,130000,417,256,J102,JJ22,234742,826868,0.00500871,25985.3,211735,11314,69.487,234742,0,n1,In-house server 3,Quadro P600,1,0.44,0,0.098773,0,0.098773
51,403375,tf_resnet50,130000,86,64,J140,JJ11,111717,524358,0.00406534,12748.7,80351.6,11314,80.9522,111717,0,n1,In-house server 3,Quadro P600,1,0.44,0,0.098773,0,0.098773
51,403375,tf_alexnet,130000,285,512,J91,JJ26,279515,478856,0.013593,11138.9,92052.9,11314,82.9498,279515,0,n1,In-house server 3,Quadro P600,2,0.44,0,0.197546,0,0.197546
51,403375,tf_resnet50,130000,126,32,J143,JJ10,100461,1.11585e+06,0.0113172,52357.7,292270,11314,52.441,100461,0,n2,In-house server 3,Quadro P600,2,0.44,0,0.197546,0,0.197546
51,403375,pytorch_alexnet,130000,1101,1024,J8,JJ32,347044,859463,0.0106108,26964.3,197777,11314,59.0596,347044,0,n2,In-house server 3,Quadro P600,2,0.44,0,0.197546,0,0.197546
51,403375,tf_resnet50,130000,75,8,J121,JJ12,122749,498264,0.0063803,23845.3,101506,11314,84.5358,122749,0,n1,In-house server 3,Quadro P600,2,0.44,0,0.197546,0,0.197546
51,403375,tf_alexnet,130000,288,1024,J100,JJ28,302112,580721,0.00331929,15881.4,132342,11314,71.6125,302112,0,n2,In-house server 3,Quadro P600,1,0.44,0,0.098773,0,0.098773
51,403375,pytorch_resnet50,130000,257,64,J44,JJ33,358261,2.26207e+06,0.00519791,38284.7,1.2099e+06,11314,13.3878,358261,0,n4,In-house server 3,Quadro P600,2,0.44,0,0.197546,0,0.197546
51,403375,pytorch_resnet50,130000,86,8,J33,JJ13,133968,1.17884e+06,0.00751855,45931,169470,11314,71.9605,133968,0,n4,In-house server 3,Quadro P600,2,0.44,0,0.197546,0,0.197546
51,403375,tf_resnet50,130000,107,32,J151,JJ24,256997,1.18747e+06,0.0146461,61524.4,343418,11314,33.7966,256997,0,n4,In-house server 3,Quadro P600,2,0.44,0,0.197546,0,0.197546
52,411404,pytorch_resnet50,130000,3676,32,J59,JJ14,145125,1.23654e+07,0.003575,23400.1,1.09038e+07,8029.45,45.9725,145125,0,n2,Standard_NV24X,M60,1,4.96,0,0.73752,0,0.73752
52,411404,pytorch_resnet50,130000,3564,32,J51,JJ17,178710,1.84849e+07,0.0140526,41540.5,1.87681e+07,8029.45,3.98409,178710,0,n2,Standard_NV24X,M60,1,4.96,0,0.73752,0,0.73752
52,411404,tf_vgg19,130000,11,16,J163,JJ35,380636,1.63226e+06,0.00358445,43455.4,613953,8029.45,17.9781,380636,0,n2,Standard_NV24X,M60,1,4.96,0,0.73752,0,0.73752
52,411404,tf_resnet50,130000,103,16,J146,JJ36,392061,1.49099e+06,0.00881309,119581,576417,8029.45,3.304,392061,0,n4,In-house server 3,Quadro P600,2,0.44,0,0.140197,0,0.140197
52,411404,pytorch_vgg19,130000,224,16,J69,JJ27,290767,1.16193e+06,0.00303448,12394.5,1.80453e+06,8029.45,72.3604,290767,0,n2,Standard_NV24X,M60,1,4.96,0,0.73752,0,0.73752
52,411404,pytorch_vgg19,130000,150,8,J71,JJ29,313272,9.42867e+06,0.00906461,39593.7,6.52033e+06,8029.45,9.65501,313272,0,n2,Standard_NV24X,M60,1,4.96,0,0.73752,0,0.73752
52,411404,tf_alexnet,130000,372,256,J94,JJ37,403375,1.36951e+06,0.00951469,65786.8,536027,8029.45,3.63362,403375,0,n4,In-house server 3,Quadro P600,2,0.44,0,0.140197,0,0.140197
52,411404,tf_resnet50,130000,29,8,J137,JJ30,324628,603801,0.00471766,34050,145039,8029.45,39.171,324628,0,n1,In-house server 3,Quadro P600,2,0.44,0,0.13085,0,0.13085
52,411404,tf_resnet50,130000,112,64,J144,JJ23,245834,539184,0.00860447,15790.5,99499.5,8029.45,80.5908,245834,0,n1,In-house server 3,Quadro P600,2,0.44,0,0.13085,0,0.13085
52,411404,tf_resnet50,130000,107,32,J151,JJ34,369490,712678,0.00644072,72287,403493,8029.45,24.2019,369490,0,n2,Standard_NV24X,M60,1,4.96,0,0.73752,0,0.73752
52,411404,tf_alexnet,130000,417,256,J102,JJ22,234742,826868,0.00500871,22500.8,183343,8029.45,72.7287,234742,0,n3,In-house server 3,Quadro P600,2,0.44,0,0.140197,0,0.140197
52,411404,tf_resnet50,130000,126,32,J143,JJ10,100461,1.11585e+06,0.0113172,50330.9,280956,8029.45,53.8002,100461,0,n4,In-house server 3,Quadro P600,2,0.44,0,0.140197,0,0.140197
52,411404,tf_alexnet,130000,285,512,J91,JJ26,279515,478856,0.013593,7764.31,64164.9,8029.45,88.4128,279515,0,n1,In-house server 3,Quadro P600,1,0.44,0,0.0654252,0,0.0654252
52,411404,tf_resnet50,130000,86,64,J140,JJ11,111717,524358,0.00406534,10937.9,68938.5,8029.45,83.1902,111717,0,n1,In-house server 3,Quadro P600,1,0.44,0,0.0654252,0,0.0654252
52,411404,tf_resnet50,130000,75,8,J121,JJ12,122749,498264,0.0063803,21126.9,89933.6,8029.45,85.948,122749,0,n1,In-house server 3,Quadro P600,2,0.44,0,0.13085,0,0.13085
52,411404,tf_alexnet,130000,288,1024,J100,JJ28,302112,580721,0.00331929,12363.2,103025,8029.45,77.3455,302112,0,n3,In-house server 3,Quadro P600,1,0.44,0,0.0700984,0,0.0700984
52,411404,pytorch_vgg19,130000,150,8,J68,JJ21,223583,3.07812e+06,0.0066921,27037,4.44532e+06,8029.45,38.3269,223583,0,n3,In-house server 3,Quadro P600,1,0.44,0,0.0700984,0,0.0700984
52,411404,tf_vgg19,130000,14,32,J176,JJ19,201359,1.05157e+06,0.0132322,5123.14,77343.3,8029.45,100,201359,411404,n2,Standard_NV24X,M60,1,4.96,0,0.73752,0,0.73752
52,411404,pytorch_alexnet,130000,1101,1024,J8,JJ32,347044,859463,0.0106108,23544.4,172693,8029.45,63.2799,347044,0,n3,In-house server 3,Quadro P600,2,0.44,0,0.140197,0,0.140197
52,411404,pytorch_resnet50,130000,257,64,J44,JJ33,358261,2.26207e+06,0.00519791,37556.4,1.18688e+06,8029.45,14.5799,358261,0,n4,In-house server 3,Quadro P600,2,0.44,0,0.140197,0,0.140197
52,411404,pytorch_resnet50,130000,86,8,J33,JJ13,133968,1.17884e+06,0.00751855,41506,153143,8029.45,76.4579,133968,0,n2,Standard_NV24X,M60,1,4.96,0,0.73752,0,0.73752
52,411404,tf_resnet50,130000,107,32,J151,JJ24,256997,1.18747e+06,0.0146461,59497.5,332104,8029.45,35.3972,256997,0,n3,In-house server 3,Quadro P600,2,0.44,0,0.140197,0,0.140197
53,414662,pytorch_resnet50,130000,3676,32,J59,JJ14,145125,1.23654e+07,0.003575,23340.9,1.08763e+07,3257.55,46.0492,145125,0,n3,Standard_NV24X,M60,2,4.96,0,0.690489,0,0.690489
53,414662,pytorch_vgg19,130000,150,8,J68,JJ21,223583,3.07812e+06,0.0066921,26743.5,4.39707e+06,3257.55,38.6015,223583,0,n4,In-house server 3,Quadro P600,1,0.44,0,0.026543,0,0.026543
53,414662,pytorch_resnet50,130000,3564,32,J51,JJ17,178710,1.84849e+07,0.0140526,41479.5,1.87405e+07,3257.55,4.04135,178710,0,n3,Standard_NV24X,M60,1,4.96,0,0.345245,0,0.345245
53,414662,tf_vgg19,130000,11,16,J163,JJ35,380636,1.63226e+06,0.00358445,38379.3,542236,3257.55,22.3793,380636,0,n3,Standard_NV24X,M60,1,4.96,0,0.345245,0,0.345245
53,414662,tf_resnet50,130000,103,16,J146,JJ36,392061,1.49099e+06,0.00881309,117899,568312,3257.55,3.86345,392061,0,n4,In-house server 3,Quadro P600,2,0.44,0,0.053086,0,0.053086
53,414662,pytorch_vgg19,130000,224,16,J69,JJ27,290767,1.16193e+06,0.00303448,11983,1.74462e+06,3257.55,72.7455,290767,0,n3,Standard_NV24X,M60,1,4.96,0,0.345245,0,0.345245
53,414662,tf_resnet50,130000,86,64,J140,JJ11,111717,524358,0.00406534,9652.75,60838.7,3257.55,84.0902,111717,0,n1,In-house server 3,Quadro P600,2,0.44,0,0.053086,0,0.053086
53,414662,tf_resnet50,130000,112,64,J144,JJ23,245834,539184,0.00860447,14516.2,91470.1,3257.55,81.282,245834,0,n2,In-house server 3,Quadro P600,2,0.44,0,0.0568779,0,0.0568779
53,414662,tf_resnet50,130000,107,32,J151,JJ34,369490,712678,0.00644072,68120.3,380235,3257.55,26.0828,369490,0,n3,Standard_NV24X,M60,1,4.96,0,0.345245,0,0.345245
53,414662,tf_alexnet,130000,417,256,J102,JJ22,234742,826868,0.00500871,20110.4,163865,3257.55,74.0892,234742,0,n4,In-house server 3,Quadro P600,1,0.44,0,0.026543,0,0.026543
53,414662,tf_resnet50,130000,126,32,J143,JJ10,100461,1.11585e+06,0.0113172,48892.5,272926,3257.55,54.3516,100461,0,n2,In-house server 3,Quadro P600,2,0.44,0,0.0568779,0,0.0568779
53,414662,tf_alexnet,130000,285,512,J91,JJ26,279515,478856,0.013593,5276.57,43606.1,3257.55,90.6291,279515,0,n1,In-house server 3,Quadro P600,1,0.44,0,0.026543,0,0.026543
53,414662,tf_alexnet,130000,288,1024,J100,JJ28,302112,580721,0.00331929,9866.39,82218.2,3257.55,79.5793,302112,0,n1,In-house server 3,Quadro P600,2,0.44,0,0.053086,0,0.053086
53,414662,tf_resnet50,130000,75,8,J121,JJ12,122749,498264,0.0063803,19197.6,81721.1,3257.55,86.5209,122749,0,n1,In-house server 3,Quadro P600,2,0.44,0,0.053086,0,0.053086
53,414662,pytorch_vgg19,130000,150,8,J71,JJ29,313272,9.42867e+06,0.00906461,39117.5,6.44192e+06,3257.55,10.1012,313272,0,n3,Standard_NV24X,M60,1,4.96,0,0.345245,0,0.345245
53,414662,tf_alexnet,130000,372,256,J94,JJ37,403375,1.36951e+06,0.00951469,63396.4,516549,3257.55,5.1586,403375,0,n4,In-house server 3,Quadro P600,1,0.44,0,0.026543,0,0.026543
53,414662,tf_resnet50,130000,29,8,J137,JJ30,324628,603801,0.00471766,32122.1,136827,3257.55,40.6522,324628,0,n2,In-house server 3,Quadro P600,2,0.44,0,0.0568779,0,0.0568779
53,414662,pytorch_alexnet,130000,1101,1024,J8,JJ32,347044,859463,0.0106108,21117.4,154891,3257.55,64.9921,347044,0,n2,In-house server 3,Quadro P600,2,0.44,0,0.0568779,0,0.0568779
53,414662,pytorch_resnet50,130000,257,64,J44,JJ33,358261,2.26207e+06,0.00519791,37039.5,1.17055e+06,3257.55,15.0635,358261,0,n4,In-house server 3,Quadro P600,2,0.44,0,0.053086,0,0.053086
53,414662,pytorch_resnet50,130000,86,8,J33,JJ13,133968,1.17884e+06,0.00751855,34848.7,128580,3257.55,77.0543,133968,0,n4,In-house server 3,Quadro P600,1,0.44,0,0.026543,0,0.026543
53,414662,tf_resnet50,130000,107,32,J151,JJ24,256997,1.18747e+06,0.0146461,58059,324075,3257.55,36.0475,256997,0,n1,In-house server 3,Quadro P600,1,0.44,0,0.026543,0,0.026543
54,426073,pytorch_vgg19,130000,150,8,J68,JJ21,223583,3.07812e+06,0.0066921,26624.5,4.3775e+06,11411,40.1644,223583,0,n3,Standard_NV24X,M60,1,4.96,0,1.04812,0,1.04812
54,426073,pytorch_resnet50,130000,3564,32,J51,JJ17,178710,1.84849e+07,0.0140526,41454.8,1.87293e+07,11411,4.24194,178710,0,n3,Standard_NV24X,M60,1,4.96,0,1.04812,0,1.04812
54,426073,tf_vgg19,130000,11,16,J163,JJ35,380636,1.63226e+06,0.00358445,36319.9,513140,11411,37.7964,380636,0,n3,Standard_NV24X,M60,1,4.96,0,1.04812,0,1.04812
54,426073,tf_resnet50,130000,103,16,J146,JJ36,392061,1.49099e+06,0.00881309,117217,565024,11411,5.82317,392061,0,n4,In-house server 3,Quadro P600,2,0.44,0,0.19924,0,0.19924
54,426073,pytorch_vgg19,130000,224,16,J69,JJ27,290767,1.16193e+06,0.00303448,11816,1.72031e+06,11411,74.0944,290767,0,n3,Standard_NV24X,M60,1,4.96,0,1.04812,0,1.04812
54,426073,pytorch_resnet50,130000,3676,32,J59,JJ14,145125,1.23654e+07,0.003575,23307.8,1.08608e+07,11411,46.2437,145125,0,n3,Standard_NV24X,M60,1,4.96,0,1.04812,0,1.04812
54,426073,tf_vgg19,130000,14,32,J158,JJ38,414662,1.39219e+06,0.0127885,45376,684978,11411,16.046,414662,0,n3,Standard_NV24X,M60,1,4.96,0,1.04812,0,1.04812
54,426073,tf_resnet50,130000,86,64,J140,JJ11,111717,524358,0.00406534,9135.9,57581.1,11411,87.2431,111717,0,n1,In-house server 3,Quadro P600,2,0.44,0,0.19924,0,0.19924
54,426073,tf_alexnet,130000,417,256,J102,JJ22,234742,826868,0.00500871,19107.1,155690,11411,78.696,234742,0,n2,In-house server 3,Quadro P600,2,0.44,0,0.19924,0,0.19924
54,426073,tf_resnet50,130000,112,64,J144,JJ23,245834,539184,0.00860447,13999.3,88212.5,11411,83.7245,245834,0,n1,In-house server 3,Quadro P600,1,0.44,0,0.0996198,0,0.0996198
54,426073,tf_resnet50,130000,107,32,J151,JJ34,369490,712678,0.00644072,66429.9,370799,11411,32.6717,369490,0,n3,Standard_NV24X,M60,1,4.96,0,1.04812,0,1.04812
54,426073,tf_resnet50,130000,75,8,J121,JJ12,122749,498264,0.0063803,18414.9,78389.3,11411,88.5278,122749,0,n1,In-house server 3,Quadro P600,2,0.44,0,0.19924,0,0.19924
54,426073,tf_alexnet,130000,288,1024,J100,JJ28,302112,580721,0.00331929,8893.57,74111.5,11411,87.7267,302112,0,n1,In-house server 3,Quadro P600,1,0.44,0,0.0996198,0,0.0996198
54,426073,tf_resnet50,130000,126,32,J143,JJ10,100461,1.11585e+06,0.0113172,48308.9,269669,11411,56.2832,100461,0,n2,In-house server 3,Quadro P600,2,0.44,0,0.19924,0,0.19924
54,426073,tf_alexnet,130000,285,512,J91,JJ26,279515,478856,0.013593,4267.3,35265.3,11411,98.3928,279515,0,n1,In-house server 3,Quadro P600,1,0.44,0,0.0996198,0,0.0996198
54,426073,pytorch_vgg19,130000,150,8,J71,JJ29,313272,9.42867e+06,0.00906461,38924.3,6.4101e+06,11411,11.6641,313272,0,n3,Standard_NV24X,M60,1,4.96,0,1.04812,0,1.04812
54,426073,tf_alexnet,130000,372,256,J94,JJ37,403375,1.36951e+06,0.00951469,62393.1,508375,11411,10.3225,403375,0,n4,In-house server 3,Quadro P600,2,0.44,0,0.19924,0,0.19924
54,426073,tf_resnet50,130000,29,8,J137,JJ30,324628,603801,0.00471766,31339.9,133495,11411,45.8404,324628,0,n2,In-house server 3,Quadro P600,2,0.44,0,0.19924,0,0.19924
54,426073,pytorch_alexnet,130000,1101,1024,J8,JJ32,347044,859463,0.0106108,20132.7,147669,11411,70.9898,347044,0,n2,In-house server 3,Quadro P600,2,0.44,0,0.19924,0,0.19924
54,426073,pytorch_resnet50,130000,257,64,J44,JJ33,358261,2.26207e+06,0.00519791,36829.8,1.16392e+06,11411,16.7575,358261,0,n4,In-house server 3,Quadro P600,2,0.44,0,0.19924,0,0.19924
54,426073,tf_resnet50,130000,107,32,J151,JJ24,256997,1.18747e+06,0.0146461,57474.6,320813,11411,38.3222,256997,0,n4,In-house server 3,Quadro P600,2,0.44,0,0.19924,0,0.19924
54,426073,pytorch_resnet50,130000,86,8,J33,JJ13,133968,1.17884e+06,0.00751855,33965.8,125322,11411,79.1436,133968,0,n1,In-house server 3,Quadro P600,1,0.44,0,0.0996198,0,0.0996198
55,428435,pytorch_resnet50,130000,3564,32,J51,JJ17,178710,1.84849e+07,0.0140526,41368.1,1.86902e+07,2362.2,4.28347,178710,0,n3,Standard_NV24X,M60,1,4.96,0,0.250352,0,0.250352
55,428435,tf_vgg19,130000,11,16,J163,JJ35,380636,1.63226e+06,0.00358445,29106,411220,2362.2,40.9879,380636,0,n3,Standard_NV24X,M60,1,4.96,0,0.250352,0,0.250352
55,428435,pytorch_vgg19,130000,150,8,J68,JJ21,223583,3.07812e+06,0.0066921,25946.8,4.26607e+06,2362.2,40.3634,223583,0,n4,In-house server 3,Quadro P600,1,0.44,0,0.0192475,0,0.0192475
55,428435,tf_resnet50,130000,103,16,J146,JJ36,392061,1.49099e+06,0.00881309,114828,553506,2362.2,6.22508,392061,0,n4,In-house server 3,Quadro P600,1,0.44,0,0.0192475,0,0.0192475
55,428435,pytorch_resnet50,130000,3676,32,J59,JJ14,145125,1.23654e+07,0.003575,23223.8,1.08217e+07,2362.2,46.2839,145125,0,n3,Standard_NV24X,M60,1,4.96,0,0.250352,0,0.250352
55,428435,tf_vgg19,130000,14,32,J158,JJ38,414662,1.39219e+06,0.0127885,38094.9,575067,2362.2,19.3677,414662,0,n3,Standard_NV24X,M60,1,4.96,0,0.250352,0,0.250352
55,428435,pytorch_vgg19,130000,224,16,J69,JJ27,290767,1.16193e+06,0.00303448,11231.2,1.63516e+06,2362.2,74.3737,290767,0,n3,Standard_NV24X,M60,1,4.96,0,0.250352,0,0.250352
55,428435,pytorch_vgg19,130000,150,8,J71,JJ29,313272,9.42867e+06,0.00906461,38247.6,6.29866e+06,2362.2,11.9876,313272,0,n3,Standard_NV24X,M60,1,4.96,0,0.250352,0,0.250352
55,428435,tf_alexnet,130000,372,256,J94,JJ37,403375,1.36951e+06,0.00951469,58996,480695,2362.2,11.4283,403375,0,n4,In-house server 3,Quadro P600,1,0.44,0,0.0192475,0,0.0192475
55,428435,tf_resnet50,130000,29,8,J137,JJ30,324628,603801,0.00471766,28600.1,121825,2362.2,46.9145,324628,0,n1,In-house server 3,Quadro P600,2,0.44,0,0.0384951,0,0.0384951
55,428435,tf_resnet50,130000,126,32,J143,JJ10,100461,1.11585e+06,0.0113172,46264.8,258258,2362.2,56.6836,100461,0,n4,In-house server 3,Quadro P600,1,0.44,0,0.0192475,0,0.0192475
55,428435,tf_alexnet,130000,285,512,J91,JJ26,279515,478856,0.013593,731.871,6048.24,2362.2,100,279515,428435,n1,In-house server 3,Quadro P600,1,0.44,0,0.0192475,0,0.0192475
55,428435,tf_alexnet,130000,288,1024,J100,JJ28,302112,580721,0.00331929,5345.22,44542.6,2362.2,89.3465,302112,0,n1,In-house server 3,Quadro P600,2,0.44,0,0.0384951,0,0.0384951
55,428435,tf_resnet50,130000,75,8,J121,JJ12,122749,498264,0.0063803,15673.2,66718.2,2362.2,88.9339,122749,0,n1,In-house server 3,Quadro P600,1,0.44,0,0.0192475,0,0.0192475
55,428435,tf_resnet50,130000,86,64,J140,JJ11,111717,524358,0.00406534,7325.42,46170.1,2362.2,87.8958,111717,0,n1,In-house server 3,Quadro P600,2,0.44,0,0.0384951,0,0.0384951
55,428435,tf_resnet50,130000,112,64,J144,JJ23,245834,539184,0.00860447,12172.5,76701.5,2362.2,84.2258,245834,0,n2,In-house server 3,Quadro P600,2,0.44,0,0.0412447,0,0.0412447
55,428435,tf_resnet50,130000,107,32,J151,JJ34,369490,712678,0.00644072,60508.4,337747,2362.2,34.0356,369490,0,n3,Standard_NV24X,M60,1,4.96,0,0.250352,0,0.250352
55,428435,tf_alexnet,130000,417,256,J102,JJ22,234742,826868,0.00500871,15710,128009,2362.2,79.6826,234742,0,n2,In-house server 3,Quadro P600,1,0.44,0,0.0206224,0,0.0206224
55,428435,pytorch_alexnet,130000,1101,1024,J8,JJ32,347044,859463,0.0106108,16683.5,122370,2362.2,72.2314,347044,0,n2,In-house server 3,Quadro P600,2,0.44,0,0.0412447,0,0.0412447
55,428435,pytorch_resnet50,130000,257,64,J44,JJ33,358261,2.26207e+06,0.00519791,36095.2,1.14071e+06,2362.2,17.1082,358261,0,n4,In-house server 3,Quadro P600,2,0.44,0,0.0384951,0,0.0384951
55,428435,tf_resnet50,130000,107,32,J151,JJ39,426073,1.41419e+06,0.0126269,89870.7,501642,2362.2,0.470893,426073,0,n4,In-house server 3,Quadro P600,2,0.44,0,0.0384951,0,0.0384951
55,428435,pytorch_resnet50,130000,86,8,J33,JJ13,133968,1.17884e+06,0.00751855,30873.1,113911,2362.2,79.7677,133968,0,n2,In-house server 3,Quadro P600,2,0.44,0,0.0412447,0,0.0412447
55,428435,tf_resnet50,130000,107,32,J151,JJ24,256997,1.18747e+06,0.0146461,55430.2,309402,2362.2,38.7938,256997,0,n2,In-house server 3,Quadro P600,1,0.44,0,0.0206224,0,0.0206224
56,437235,pytorch_vgg19,130000,150,8,J68,JJ21,223583,3.07812e+06,0.0066921,25860.4,4.25188e+06,8799.8,41.5687,223583,0,n3,Standard_NV24X,M60,1,4.96,0,0.932629,0,0.932629
56,437235,pytorch_resnet50,130000,3564,32,J51,JJ17,178710,1.84849e+07,0.0140526,41350.2,1.86821e+07,8799.8,4.43815,178710,0,n3,Standard_NV24X,M60,1,4.96,0,0.932629,0,0.932629
56,437235,tf_vgg19,130000,11,16,J163,JJ35,380636,1.63226e+06,0.00358445,27612.7,390121,8799.8,52.8771,380636,0,n3,Standard_NV24X,M60,1,4.96,0,0.932629,0,0.932629
56,437235,tf_resnet50,130000,103,16,J146,JJ36,392061,1.49099e+06,0.00881309,114338,551144,8799.8,7.72234,392061,0,n4,In-house server 3,Quadro P600,1,0.44,0,0.0768237,0,0.0768237
56,437235,pytorch_resnet50,130000,3676,32,J59,JJ14,145125,1.23654e+07,0.003575,23206.4,1.08136e+07,8799.8,46.4339,145125,0,n3,Standard_NV24X,M60,1,4.96,0,0.932629,0,0.932629
56,437235,tf_vgg19,130000,14,32,J158,JJ38,414662,1.39219e+06,0.0127885,36587.7,552314,8799.8,21.322,414662,0,n4,In-house server 3,Quadro P600,1,0.44,0,0.0768237,0,0.0768237
56,437235,tf_resnet50,130000,112,64,J144,JJ23,245834,539184,0.00860447,11797.6,74339.3,8799.8,86.093,245834,0,n1,In-house server 3,Quadro P600,2,0.44,0,0.153647,0,0.153647
56,437235,tf_resnet50,130000,107,32,J151,JJ34,369490,712678,0.00644072,59282.6,330905,8799.8,39.1168,369490,0,n3,Standard_NV24X,M60,1,4.96,0,0.932629,0,0.932629
56,437235,tf_alexnet,130000,417,256,J102,JJ22,234742,826868,0.00500871,14982.5,122081,8799.8,83.2352,234742,0,n2,In-house server 3,Quadro P600,2,0.44,0,0.143404,0,0.143404
56,437235,pytorch_vgg19,130000,150,8,J71,JJ29,313272,9.42867e+06,0.00906461,38107.5,6.27559e+06,8799.8,13.1929,313272,0,n3,Standard_NV24X,M60,1,4.96,0,0.932629,0,0.932629
56,437235,tf_alexnet,130000,372,256,J94,JJ37,403375,1.36951e+06,0.00951469,58268.5,474768,8799.8,15.5479,403375,0,n4,In-house server 3,Quadro P600,1,0.44,0,0.0768237,0,0.0768237
56,437235,tf_resnet50,130000,29,8,J137,JJ30,324628,603801,0.00471766,28033,119409,8799.8,50.9155,324628,0,n1,In-house server 3,Quadro P600,2,0.44,0,0.153647,0,0.153647
56,437235,tf_resnet50,130000,86,64,J140,JJ11,111717,524358,0.00406534,6950.63,43807.9,8799.8,90.3272,111717,0,n1,In-house server 3,Quadro P600,2,0.44,0,0.153647,0,0.153647
56,437235,tf_resnet50,130000,126,32,J143,JJ10,100461,1.11585e+06,0.0113172,45841,255892,8799.8,58.1732,100461,0,n2,In-house server 3,Quadro P600,2,0.44,0,0.143404,0,0.143404
56,437235,tf_alexnet,130000,288,1024,J100,JJ28,302112,580721,0.00331929,4639.78,38664,8799.8,95.6295,302112,0,n2,In-house server 3,Quadro P600,1,0.44,0,0.0717021,0,0.0717021
56,437235,tf_resnet50,130000,75,8,J121,JJ12,122749,498264,0.0063803,15118.3,64356,8799.8,90.4816,122749,0,n1,In-house server 3,Quadro P600,2,0.44,0,0.153647,0,0.153647
56,437235,pytorch_alexnet,130000,1101,1024,J8,JJ32,347044,859463,0.0106108,15969.5,117132,8799.8,76.8566,347044,0,n2,In-house server 3,Quadro P600,2,0.44,0,0.143404,0,0.143404
56,437235,pytorch_vgg19,130000,224,16,J69,JJ27,290767,1.16193e+06,0.00303448,11110.1,1.61754e+06,8799.8,75.414,290767,0,n3,Standard_NV24X,M60,1,4.96,0,0.932629,0,0.932629
56,437235,tf_resnet50,130000,107,32,J151,JJ39,426073,1.41419e+06,0.0126269,89447.5,499280,8799.8,2.22764,426073,0,n4,In-house server 3,Quadro P600,1,0.44,0,0.0768237,0,0.0768237
56,437235,pytorch_resnet50,130000,257,64,J44,JJ33,358261,2.26207e+06,0.00519791,35943.2,1.1359e+06,8799.8,18.4146,358261,0,n4,In-house server 3,Quadro P600,2,0.44,0,0.153647,0,0.153647
56,437235,pytorch_resnet50,130000,86,8,J33,JJ13,133968,1.17884e+06,0.00751855,29949.2,110503,8799.8,81.3789,133968,0,n2,In-house server 3,Quadro P600,1,0.44,0,0.0717021,0,0.0717021
56,437235,tf_resnet50,130000,107,32,J151,JJ24,256997,1.18747e+06,0.0146461,55006.4,307036,8799.8,40.548,256997,0,n4,In-house server 3,Quadro P600,2,0.44,0,0.153647,0,0.153647
57,443356,pytorch_vgg19,130000,150,8,J68,JJ21,223583,3.07812e+06,0.0066921,25337.8,4.16595e+06,6121.11,42.4071,223583,0,n2,Standard_NV24X,M60,1,4.96,0,0.562236,0,0.562236
57,443356,pytorch_resnet50,130000,3564,32,J51,JJ17,178710,1.84849e+07,0.0140526,41283.4,1.86519e+07,6121.11,4.54575,178710,0,n2,Standard_NV24X,M60,1,4.96,0,0.562236,0,0.562236
57,443356,tf_vgg19,130000,11,16,J163,JJ35,380636,1.63226e+06,0.00358445,22049.6,311523,6121.11,54.1655,380636,0,n4,In-house server 3,Quadro P600,1,0.44,0,0.0534383,0,0.0534383
57,443356,tf_resnet50,130000,103,16,J146,JJ36,392061,1.49099e+06,0.00881309,112512,542344,6121.11,8.76382,392061,0,n4,In-house server 3,Quadro P600,1,0.44,0,0.0534383,0,0.0534383
57,443356,pytorch_resnet50,130000,3676,32,J59,JJ14,145125,1.23654e+07,0.003575,23141.6,1.07834e+07,6121.11,46.5382,145125,0,n2,Standard_NV24X,M60,1,4.96,0,0.562236,0,0.562236
57,443356,tf_vgg19,130000,14,32,J158,JJ38,414662,1.39219e+06,0.0127885,35700.9,538927,6121.11,29.9294,414662,0,n2,Standard_NV24X,M60,1,4.96,0,0.562236,0,0.562236
57,443356,pytorch_vgg19,130000,224,16,J69,JJ27,290767,1.16193e+06,0.00303448,10659.1,1.55187e+06,6121.11,76.1376,290767,0,n2,Standard_NV24X,M60,1,4.96,0,0.562236,0,0.562236
57,443356,tf_resnet50,130000,86,64,J140,JJ11,111717,524358,0.00406534,5554.44,35008.1,6121.11,92.0185,111717,0,n1,In-house server 3,Quadro P600,2,0.44,0,0.106877,0,0.106877
57,443356,tf_alexnet,130000,311,128,J97,JJ40,437235,1.22446e+06,0.00875799,65623.4,523152,6121.11,2.76818,437235,0,n4,In-house server 3,Quadro P600,2,0.44,0,0.106877,0,0.106877
57,443356,tf_resnet50,130000,126,32,J143,JJ10,100461,1.11585e+06,0.0113172,44264.6,247092,6121.11,59.2094,100461,0,n3,In-house server 3,Quadro P600,2,0.44,0,0.106877,0,0.106877
57,443356,tf_resnet50,130000,75,8,J121,JJ12,122749,498264,0.0063803,13003.9,55355.5,6121.11,91.5581,122749,0,n1,In-house server 3,Quadro P600,2,0.44,0,0.106877,0,0.106877
57,443356,tf_alexnet,130000,288,1024,J100,JJ28,302112,580721,0.00331929,1903.41,15861.4,6121.11,100,302112,443356,n1,In-house server 3,Quadro P600,1,0.44,0,0.0534383,0,0.0534383
57,443356,pytorch_vgg19,130000,150,8,J71,JJ29,313272,9.42867e+06,0.00906461,37585.7,6.18965e+06,6121.11,14.0313,313272,0,n2,Standard_NV24X,M60,1,4.96,0,0.562236,0,0.562236
57,443356,tf_alexnet,130000,372,256,J94,JJ37,403375,1.36951e+06,0.00951469,55558.4,452686,6121.11,18.3179,403375,0,n4,In-house server 3,Quadro P600,2,0.44,0,0.106877,0,0.106877
57,443356,tf_resnet50,130000,29,8,J137,JJ30,324628,603801,0.00471766,25920.1,110409,6121.11,53.6368,324628,0,n1,In-house server 3,Quadro P600,1,0.44,0,0.0534383,0,0.0534383
57,443356,tf_resnet50,130000,112,64,J144,JJ23,245834,539184,0.00860447,10401.1,65539.5,6121.11,87.3919,245834,0,n1,In-house server 3,Quadro P600,2,0.44,0,0.106877,0,0.106877
57,443356,tf_resnet50,130000,107,32,J151,JJ34,369490,712678,0.00644072,54716.2,305416,6121.11,42.6512,369490,0,n2,Standard_NV24X,M60,1,4.96,0,0.562236,0,0.562236
57,443356,tf_alexnet,130000,417,256,J102,JJ22,234742,826868,0.00500871,12362.7,100735,6121.11,85.7064,234742,0,n3,In-house server 3,Quadro P600,2,0.44,0,0.106877,0,0.106877
57,443356,pytorch_alexnet,130000,1101,1024,J8,JJ32,347044,859463,0.0106108,13309.6,97622.6,6121.11,80.0739,347044,0,n3,In-house server 3,Quadro P600,2,0.44,0,0.106877,0,0.106877
57,443356,pytorch_resnet50,130000,257,64,J44,JJ33,358261,2.26207e+06,0.00519791,35376.7,1.118e+06,6121.11,19.9853,358261,0,n2,Standard_NV24X,M60,1,4.96,0,0.562236,0,0.562236
57,443356,tf_resnet50,130000,107,32,J151,JJ39,426073,1.41419e+06,0.0126269,87868.7,490467,6121.11,3.44962,426073,0,n3,In-house server 3,Quadro P600,1,0.44,0,0.0534383,0,0.0534383
57,443356,tf_resnet50,130000,107,32,J151,JJ24,256997,1.18747e+06,0.0146461,53429.9,298236,6121.11,41.77,256997,0,n3,In-house server 3,Quadro P600,1,0.44,0,0.0534383,0,0.0534383
57,443356,pytorch_resnet50,130000,86,8,J33,JJ13,133968,1.17884e+06,0.00751855,27564.2,101703,6121.11,82.9962,133968,0,n4,In-house server 3,Quadro P600,2,0.44,0,0.106877,0,0.106877
58,448340,pytorch_vgg19,130000,150,8,J68,JJ21,223583,3.07812e+06,0.0066921,24974.2,4.10617e+06,4983.89,43.0897,223583,0,n2,Standard_NV24X,M60,1,4.96,0,0.457779,0,0.457779
58,448340,pytorch_resnet50,130000,3564,32,J51,JJ17,178710,1.84849e+07,0.0140526,41236.9,1.86309e+07,4983.89,4.63336,178710,0,n2,Standard_NV24X,M60,1,4.96,0,0.457779,0,0.457779
58,448340,tf_vgg19,130000,11,16,J163,JJ35,380636,1.63226e+06,0.00358445,21446.7,303006,4983.89,60.8991,380636,0,n2,Standard_NV24X,M60,1,4.96,0,0.457779,0,0.457779
58,448340,tf_resnet50,130000,103,16,J146,JJ36,392061,1.49099e+06,0.00881309,111242,536223,4983.89,9.61975,392061,0,n4,In-house server 3,Quadro P600,2,0.44,0,0.0870203,0,0.0870203
58,448340,pytorch_resnet50,130000,3676,32,J59,JJ14,145125,1.23654e+07,0.003575,23096.5,1.07624e+07,4983.89,46.6232,145125,0,n2,Standard_NV24X,M60,1,4.96,0,0.457779,0,0.457779
58,448340,tf_vgg19,130000,14,32,J158,JJ38,414662,1.39219e+06,0.0127885,31795.2,479968,4983.89,31.0362,414662,0,n4,In-house server 3,Quadro P600,1,0.44,0,0.0435101,0,0.0435101
58,448340,pytorch_vgg19,130000,224,16,J69,JJ27,290767,1.16193e+06,0.00303448,10345.4,1.5062e+06,4983.89,76.7267,290767,0,n2,Standard_NV24X,M60,1,4.96,0,0.457779,0,0.457779
58,448340,tf_alexnet,130000,417,256,J102,JJ22,234742,826868,0.00500871,10540.3,85885.7,4983.89,87.7185,234742,0,n1,In-house server 3,Quadro P600,2,0.44,0,0.0812189,0,0.0812189
58,448340,tf_resnet50,130000,107,32,J151,JJ34,369490,712678,0.00644072,51539.8,287686,4983.89,45.5289,369490,0,n2,Standard_NV24X,M60,1,4.96,0,0.457779,0,0.457779
58,448340,tf_resnet50,130000,112,64,J144,JJ23,245834,539184,0.00860447,9429.65,59418.4,4983.89,88.4494,245834,0,n1,In-house server 3,Quadro P600,2,0.44,0,0.0812189,0,0.0812189
58,448340,tf_resnet50,130000,86,64,J140,JJ11,111717,524358,0.00406534,4583.25,28887,4983.89,93.4076,111717,0,n1,In-house server 3,Quadro P600,1,0.44,0,0.0406095,0,0.0406095
58,448340,tf_resnet50,130000,75,8,J121,JJ12,122749,498264,0.0063803,11533.2,49094.9,4983.89,92.4346,122749,0,n1,In-house server 3,Quadro P600,2,0.44,0,0.0812189,0,0.0812189
58,448340,pytorch_alexnet,130000,1101,1024,J8,JJ32,347044,859463,0.0106108,11459.3,84051.6,4983.89,88.7401,347044,0,n3,In-house server 3,Quadro P600,3,0.44,0,0.140571,0,0.140571
58,448340,pytorch_vgg19,130000,150,8,J71,JJ29,313272,9.42867e+06,0.00906461,37222.7,6.12987e+06,4983.89,14.7139,313272,0,n2,Standard_NV24X,M60,1,4.96,0,0.457779,0,0.457779
58,448340,tf_alexnet,130000,372,256,J94,JJ37,403375,1.36951e+06,0.00951469,53736,437838,4983.89,20.5733,403375,0,n4,In-house server 3,Quadro P600,2,0.44,0,0.0870203,0,0.0870203
58,448340,tf_resnet50,130000,29,8,J137,JJ30,324628,603801,0.00471766,24483.1,104288,4983.89,55.8525,324628,0,n1,In-house server 3,Quadro P600,1,0.44,0,0.0406095,0,0.0406095
58,448340,tf_resnet50,130000,107,32,J151,JJ39,426073,1.41419e+06,0.0126269,86770.5,484337,4983.89,6.32737,426073,0,n2,Standard_NV24X,M60,1,4.96,0,0.457779,0,0.457779
58,448340,pytorch_resnet50,130000,257,64,J44,JJ33,358261,2.26207e+06,0.00519791,34695.6,1.09648e+06,4983.89,20.349,358261,0,n4,In-house server 3,Quadro P600,1,0.44,0,0.0435101,0,0.0435101
58,448340,pytorch_resnet50,130000,86,8,J33,JJ13,133968,1.17884e+06,0.00751855,25170.2,92869.7,4983.89,83.9087,133968,0,n3,In-house server 3,Quadro P600,1,0.44,0,0.0468571,0,0.0468571
58,448340,tf_resnet50,130000,107,32,J151,JJ24,256997,1.18747e+06,0.0146461,52331.7,292106,4983.89,42.7635,256997,0,n3,In-house server 3,Quadro P600,2,0.44,0,0.0937141,0,0.0937141
58,448340,tf_resnet50,130000,126,32,J143,JJ10,100461,1.11585e+06,0.0113172,43168,240971,4983.89,60.053,100461,0,n3,In-house server 3,Quadro P600,2,0.44,0,0.0937141,0,0.0937141
58,448340,tf_alexnet,130000,311,128,J97,JJ40,437235,1.22446e+06,0.00875799,63806.8,508671,4983.89,5.02207,437235,0,n4,In-house server 3,Quadro P600,2,0.44,0,0.0870203,0,0.0870203
59,454815,pytorch_vgg19,130000,150,8,J68,JJ21,223583,3.07812e+06,0.0066921,24678.2,4.0575e+06,6475.46,43.9766,223583,0,n2,Standard_NV24X,M60,1,4.96,0,0.594783,0,0.594783
59,454815,tf_resnet50,130000,103,16,J146,JJ36,392061,1.49099e+06,0.00881309,110199,531192,6475.46,13.0897,392061,0,n2,Standard_NV24X,M60,1,4.96,0,0.594783,0,0.594783
59,454815,pytorch_resnet50,130000,3564,32,J51,JJ17,178710,1.84849e+07,0.0140526,41199,1.86138e+07,6475.46,4.74719,178710,0,n2,Standard_NV24X,M60,1,4.96,0,0.594783,0,0.594783
59,454815,tf_vgg19,130000,11,16,J163,JJ35,380636,1.63226e+06,0.00358445,18295.9,258491,6475.46,69.6479,380636,0,n2,Standard_NV24X,M60,1,4.96,0,0.594783,0,0.594783
59,454815,pytorch_resnet50,130000,3676,32,J59,JJ14,145125,1.23654e+07,0.003575,23059.8,1.07453e+07,6475.46,46.7335,145125,0,n2,Standard_NV24X,M60,1,4.96,0,0.594783,0,0.594783
59,454815,tf_vgg19,130000,14,32,J158,JJ38,414662,1.39219e+06,0.0127885,31293,472387,6475.46,32.4743,414662,0,n4,In-house server 3,Quadro P600,1,0.44,0,0.052763,0,0.052763
59,454815,pytorch_vgg19,130000,224,16,J69,JJ27,290767,1.16193e+06,0.00303448,10090,1.46901e+06,6475.46,77.4922,290767,0,n2,Standard_NV24X,M60,1,4.96,0,0.594783,0,0.594783
59,454815,tf_resnet50,130000,75,8,J121,JJ12,122749,498264,0.0063803,10335.7,43997.4,6475.46,93.5735,122749,0,n1,In-house server 3,Quadro P600,2,0.44,0,0.105526,0,0.105526
59,454815,tf_resnet50,130000,86,64,J140,JJ11,111717,524358,0.00406534,3785.58,23859.5,6475.46,95.2124,111717,0,n1,In-house server 3,Quadro P600,1,0.44,0,0.052763,0,0.052763
59,454815,tf_alexnet,130000,311,128,J97,JJ40,437235,1.22446e+06,0.00875799,62327.7,496879,6475.46,7.9505,437235,0,n4,In-house server 3,Quadro P600,2,0.44,0,0.105526,0,0.105526
59,454815,tf_resnet50,130000,126,32,J143,JJ10,100461,1.11585e+06,0.0113172,42275.2,235987,6475.46,61.1492,100461,0,n1,In-house server 3,Quadro P600,2,0.44,0,0.105526,0,0.105526
59,454815,pytorch_vgg19,130000,150,8,J71,JJ29,313272,9.42867e+06,0.00906461,36927.1,6.0812e+06,6475.46,15.6008,313272,0,n2,Standard_NV24X,M60,1,4.96,0,0.594783,0,0.594783
59,454815,tf_alexnet,130000,372,256,J94,JJ37,403375,1.36951e+06,0.00951469,52252.3,425748,6475.46,23.6047,403375,0,n4,In-house server 3,Quadro P600,1,0.44,0,0.052763,0,0.052763
59,454815,tf_resnet50,130000,29,8,J137,JJ30,324628,603801,0.00471766,23313.1,99304.1,6475.46,58.7313,324628,0,n1,In-house server 3,Quadro P600,1,0.44,0,0.052763,0,0.052763
59,454815,tf_resnet50,130000,107,32,J151,JJ34,369490,712678,0.00644072,48953.5,273250,6475.46,49.2679,369490,0,n2,Standard_NV24X,M60,1,4.96,0,0.594783,0,0.594783
59,454815,tf_resnet50,130000,112,64,J144,JJ23,245834,539184,0.00860447,8638.71,54434.5,6475.46,89.8355,245834,0,n1,In-house server 3,Quadro P600,1,0.44,0,0.052763,0,0.052763
59,454815,tf_alexnet,130000,417,256,J102,JJ22,234742,826868,0.00500871,9056.58,73795.6,6475.46,90.4229,234742,0,n1,In-house server 3,Quadro P600,1,0.44,0,0.052763,0,0.052763
59,454815,pytorch_alexnet,130000,1425,1024,J12,JJ41,448340,1.07442e+06,0.00590288,73949.8,545518,6475.46,8.75656,448340,0,n3,In-house server 3,Quadro P600,3,0.44,0,0.237433,0,0.237433
59,454815,pytorch_alexnet,130000,1101,1024,J8,JJ32,347044,859463,0.0106108,6475.46,47495.9,6475.46,100,347044,454815,n3,In-house server 3,Quadro P600,3,0.44,0,0.237433,0,0.237433
59,454815,pytorch_resnet50,130000,257,64,J44,JJ33,358261,2.26207e+06,0.00519791,34537.9,1.09149e+06,6475.46,20.8215,358261,0,n4,In-house server 3,Quadro P600,1,0.44,0,0.052763,0,0.052763
59,454815,tf_resnet50,130000,107,32,J151,JJ39,426073,1.41419e+06,0.0126269,84184.2,469901,6475.46,7.61823,426073,0,n4,In-house server 3,Quadro P600,2,0.44,0,0.105526,0,0.105526
59,454815,pytorch_resnet50,130000,86,8,J33,JJ13,133968,1.17884e+06,0.00751855,23819.4,87885.8,6475.46,85.0943,133968,0,n4,In-house server 3,Quadro P600,1,0.44,0,0.052763,0,0.052763
59,454815,tf_resnet50,130000,107,32,J151,JJ24,256997,1.18747e+06,0.0146461,51438.8,287122,6475.46,44.0544,256997,0,n3,In-house server 3,Quadro P600,2,0.44,0,0.158289,0,0.158289
60,471992,pytorch_vgg19,130000,150,8,J68,JJ21,223583,3.07812e+06,0.0066921,24293.6,3.99427e+06,17176.8,46.3292,223583,0,n4,Standard_NV24X,M60,1,4.96,0,1.57772,0,1.57772
60,471992,pytorch_resnet50,130000,3564,32,J51,JJ17,178710,1.84849e+07,0.0140526,41149.8,1.85916e+07,17176.8,5.04913,178710,0,n4,Standard_NV24X,M60,1,4.96,0,1.57772,0,1.57772
60,471992,tf_vgg19,130000,11,16,J163,JJ35,380636,1.63226e+06,0.00358445,14202.2,200653,17176.8,92.8551,380636,0,n4,Standard_NV24X,M60,1,4.96,0,1.57772,0,1.57772
60,471992,tf_resnet50,130000,103,16,J146,JJ36,392061,1.49099e+06,0.00881309,105968,510798,17176.8,22.2941,392061,0,n4,Standard_NV24X,M60,1,4.96,0,1.57772,0,1.57772
60,471992,pytorch_resnet50,130000,3676,32,J59,JJ14,145125,1.23654e+07,0.003575,23012.1,1.0723e+07,17176.8,47.0263,145125,0,n4,Standard_NV24X,M60,1,4.96,0,1.57772,0,1.57772
60,471992,tf_vgg19,130000,14,32,J158,JJ38,414662,1.39219e+06,0.0127885,30640.4,462537,17176.8,56.6282,414662,0,n4,Standard_NV24X,M60,1,4.96,0,1.57772,0,1.57772
60,471992,tf_resnet50,130000,86,64,J140,JJ11,111717,524358,0.00406534,2749.17,17327.3,17176.8,100,111717,471992,n1,In-house server 3,Quadro P600,1,0.44,0,0.139959,0,0.139959
60,471992,tf_alexnet,130000,311,128,J97,JJ40,437235,1.22446e+06,0.00875799,60406,481559,17176.8,15.7185,437235,0,n2,In-house server 3,Quadro P600,2,0.44,0,0.299913,0,0.299913
60,471992,tf_resnet50,130000,126,32,J143,JJ10,100461,1.11585e+06,0.0113172,41115.2,229512,17176.8,64.061,100461,0,n1,In-house server 3,Quadro P600,1,0.44,0,0.139959,0,0.139959
60,471992,tf_resnet50,130000,75,8,J121,JJ12,122749,498264,0.0063803,8779.84,37374.3,17176.8,96.527,122749,0,n1,In-house server 3,Quadro P600,1,0.44,0,0.139959,0,0.139959
60,471992,tf_resnet50,130000,107,32,J151,JJ34,369490,712678,0.00644072,45593.3,254493,17176.8,52.697,369490,0,n1,In-house server 3,Quadro P600,1,0.44,0,0.139959,0,0.139959
60,471992,tf_resnet50,130000,112,64,J144,JJ23,245834,539184,0.00860447,7602.05,47902.2,17176.8,93.4803,245834,0,n1,In-house server 3,Quadro P600,2,0.44,0,0.279919,0,0.279919
60,471992,tf_alexnet,130000,417,256,J102,JJ22,234742,826868,0.00500871,7062.3,57545.7,17176.8,97.5967,234742,0,n1,In-house server 3,Quadro P600,1,0.44,0,0.139959,0,0.139959
60,471992,pytorch_vgg19,130000,150,8,J71,JJ29,313272,9.42867e+06,0.00906461,36543.1,6.01796e+06,17176.8,17.9535,313272,0,n4,Standard_NV24X,M60,1,4.96,0,1.57772,0,1.57772
60,471992,tf_alexnet,130000,372,256,J94,JJ37,403375,1.36951e+06,0.00951469,50258,409499,17176.8,46.4513,403375,0,n4,Standard_NV24X,M60,1,4.96,0,1.57772,0,1.57772
60,471992,tf_resnet50,130000,29,8,J137,JJ30,324628,603801,0.00471766,21792.9,92828.6,17176.8,66.3675,324628,0,n1,In-house server 3,Quadro P600,1,0.44,0,0.139959,0,0.139959
60,471992,pytorch_alexnet,130000,1425,1024,J12,JJ41,448340,1.07442e+06,0.00590288,67474.3,497749,17176.8,15.7444,448340,0,n2,In-house server 3,Quadro P600,2,0.44,0,0.299913,0,0.299913
60,471992,pytorch_vgg19,130000,224,16,J69,JJ27,290767,1.16193e+06,0.00303448,9758.1,1.42069e+06,17176.8,85.6448,290767,0,n3,In-house server 2,GTX 1080Ti,4,1.13,0,2.69581,0,2.69581
60,471992,pytorch_resnet50,130000,257,64,J44,JJ33,358261,2.26207e+06,0.00519791,34333,1.08502e+06,17176.8,30.9809,358261,0,n3,In-house server 2,GTX 1080Ti,4,1.13,0,2.69581,0,2.69581
60,471992,tf_resnet50,130000,107,32,J151,JJ39,426073,1.41419e+06,0.0126269,83024.2,463426,17176.8,11.0473,426073,0,n2,In-house server 3,Quadro P600,1,0.44,0,0.149956,0,0.149956
60,471992,tf_resnet50,130000,107,32,J151,JJ24,256997,1.18747e+06,0.0146461,50278.7,280647,17176.8,47.4785,256997,0,n2,In-house server 3,Quadro P600,2,0.44,0,0.299913,0,0.299913
60,471992,pytorch_resnet50,130000,86,8,J33,JJ13,133968,1.17884e+06,0.00751855,22064.4,81410.3,17176.8,88.2393,133968,0,n2,In-house server 3,Quadro P600,1,0.44,0,0.149956,0,0.149956
61,477281,pytorch_vgg19,130000,150,8,J68,JJ21,223583,3.07812e+06,0.0066921,23273.5,3.82654e+06,5288.31,46.7749,223583,0,n4,In-house server 3,Quadro P600,1,0.44,0,0.04309,0,0.04309
61,477281,pytorch_resnet50,130000,3564,32,J51,JJ17,178710,1.84849e+07,0.0140526,41019.4,1.85326e+07,5288.31,5.21487,178710,0,n3,Standard_NV24,M60,4,2.48,0,1.82153,0,1.82153
61,477281,tf_vgg19,130000,11,16,J163,JJ35,380636,1.63226e+06,0.00358445,3343.21,47234,5288.31,100,380636,477281,n3,Standard_NV24,M60,1,2.48,0,0.455382,0,0.455382
61,477281,pytorch_vgg19,130000,224,16,J69,JJ27,290767,1.16193e+06,0.00303448,6223.62,906104,5288.31,85.7891,290767,0,n4,In-house server 3,Quadro P600,2,0.44,0,0.0861799,0,0.0861799
61,477281,tf_resnet50,130000,103,16,J146,JJ36,392061,1.49099e+06,0.00881309,94745.1,456701,5288.31,23.1939,392061,0,n4,In-house server 3,Quadro P600,1,0.44,0,0.04309,0,0.04309
61,477281,pytorch_resnet50,130000,3676,32,J59,JJ14,145125,1.23654e+07,0.003575,22885.7,1.06641e+07,5288.31,47.1164,145125,0,n3,Standard_NV24,M60,1,2.48,0,0.455382,0,0.455382
61,477281,tf_vgg19,130000,14,32,J158,JJ38,414662,1.39219e+06,0.0127885,19680.4,297088,5288.31,57.8026,414662,0,n4,In-house server 3,Quadro P600,1,0.44,0,0.04309,0,0.04309
61,477281,pytorch_alexnet,130000,1425,1024,J12,JJ41,448340,1.07442e+06,0.00590288,62306.8,459629,5288.31,22.8956,448340,0,n1,In-house server 3,Quadro P600,3,0.44,0,0.161587,0,0.161587
61,477281,pytorch_vgg19,130000,150,8,J71,JJ29,313272,9.42867e+06,0.00906461,35524.4,5.85021e+06,5288.31,18.3992,313272,0,n4,In-house server 3,Quadro P600,1,0.44,0,0.04309,0,0.04309
61,477281,tf_alexnet,130000,372,256,J94,JJ37,403375,1.36951e+06,0.00951469,35227.9,287035,5288.31,48.927,403375,0,n2,In-house server 3,Quadro P600,1,0.44,0,0.04309,0,0.04309
61,477281,tf_resnet50,130000,29,8,J137,JJ30,324628,603801,0.00471766,17760.4,75651.8,5288.31,68.7186,324628,0,n1,In-house server 3,Quadro P600,1,0.44,0,0.0538624,0,0.0538624
61,477281,tf_resnet50,130000,75,8,J121,JJ12,122749,498264,0.0063803,4744.72,20197.5,5288.31,97.4364,122749,0,n1,In-house server 3,Quadro P600,1,0.44,0,0.0538624,0,0.0538624
61,477281,tf_resnet50,130000,107,32,J151,JJ34,369490,712678,0.00644072,42511.5,237292,5288.31,53.7527,369490,0,n1,In-house server 3,Quadro P600,1,0.44,0,0.0538624,0,0.0538624
61,477281,tf_resnet50,130000,112,64,J144,JJ23,245834,539184,0.00860447,4876.1,30725.4,5288.31,94.6123,245834,0,n1,In-house server 3,Quadro P600,1,0.44,0,0.0538624,0,0.0538624
61,477281,tf_alexnet,130000,417,256,J102,JJ22,234742,826868,0.00500871,1772.26,14440.9,5288.31,99.8053,234742,0,n1,In-house server 3,Quadro P600,1,0.44,0,0.0538624,0,0.0538624
61,477281,tf_resnet50,130000,126,32,J143,JJ10,100461,1.11585e+06,0.0113172,38033.6,212310,5288.31,64.9575,100461,0,n2,In-house server 3,Quadro P600,1,0.44,0,0.04309,0,0.04309
61,477281,tf_alexnet,130000,311,128,J97,JJ40,437235,1.22446e+06,0.00875799,55308.4,440921,5288.31,18.11,437235,0,n2,In-house server 3,Quadro P600,2,0.44,0,0.0861799,0,0.0861799
61,477281,pytorch_resnet50,130000,257,64,J44,JJ33,358261,2.26207e+06,0.00519791,29927.8,945799,5288.31,31.766,358261,0,n4,In-house server 3,Quadro P600,2,0.44,0,0.0861799,0,0.0861799
61,477281,tf_resnet50,130000,107,32,J151,JJ24,256997,1.18747e+06,0.0146461,47201.5,263470,5288.31,48.5327,256997,0,n2,In-house server 3,Quadro P600,2,0.44,0,0.0861799,0,0.0861799
61,477281,pytorch_resnet50,130000,86,8,J33,JJ13,133968,1.17884e+06,0.00751855,17409,64233.4,5288.31,91.2014,133968,0,n3,Standard_NV24,M60,1,2.48,0,0.455382,0,0.455382
61,477281,tf_resnet50,130000,107,32,J151,JJ39,426073,1.41419e+06,0.0126269,79942.4,446224,5288.31,12.1015,426073,0,n2,In-house server 3,Quadro P600,2,0.44,0,0.0861799,0,0.0861799
62,477747,pytorch_resnet50,130000,3564,32,J51,JJ17,178710,1.84849e+07,0.0140526,40947.8,1.85003e+07,466.236,5.22469,178710,0,n3,In-house server 2,GTX 1080Ti,1,1.13,0,0.0182933,0,0.0182933
62,477747,pytorch_vgg19,130000,150,8,J68,JJ21,223583,3.07812e+06,0.0066921,23080.2,3.79476e+06,466.236,46.8142,223583,0,n4,In-house server 3,Quadro P600,1,0.44,0,0.00379896,0,0.00379896
62,477747,pytorch_resnet50,130000,3676,32,J59,JJ14,145125,1.23654e+07,0.003575,22846.7,1.0646e+07,466.236,47.1187,145125,0,n4,In-house server 3,Quadro P600,1,0.44,0,0.00379896,0,0.00379896
62,477747,tf_vgg19,130000,14,32,J158,JJ38,414662,1.39219e+06,0.0127885,19147.5,289043,466.236,57.9061,414662,0,n4,In-house server 3,Quadro P600,1,0.44,0,0.00379896,0,0.00379896
62,477747,tf_resnet50,130000,103,16,J146,JJ36,392061,1.49099e+06,0.00881309,93648,451413,466.236,23.2733,392061,0,n4,In-house server 3,Quadro P600,1,0.44,0,0.00379896,0,0.00379896
62,477747,tf_alexnet,130000,417,256,J102,JJ22,234742,826868,0.00500871,143.589,1170.01,466.236,100,234742,477747,n1,In-house server 3,Quadro P600,1,0.44,0,0.00379896,0,0.00379896
62,477747,tf_resnet50,130000,107,32,J151,JJ34,369490,712678,0.00644072,41562.7,231996,466.236,53.8458,369490,0,n1,In-house server 3,Quadro P600,1,0.44,0,0.00379896,0,0.00379896
62,477747,tf_resnet50,130000,112,64,J144,JJ23,245834,539184,0.00860447,4029.49,25390.7,466.236,94.7121,245834,0,n1,In-house server 3,Quadro P600,1,0.44,0,0.00379896,0,0.00379896
62,477747,pytorch_vgg19,130000,150,8,J71,JJ29,313272,9.42867e+06,0.00906461,35331.5,5.81843e+06,466.236,18.4385,313272,0,n4,In-house server 3,Quadro P600,1,0.44,0,0.00379896,0,0.00379896
62,477747,tf_alexnet,130000,372,256,J94,JJ37,403375,1.36951e+06,0.00951469,33599.3,273765,466.236,49.1453,403375,0,n4,In-house server 3,Quadro P600,1,0.44,0,0.00379896,0,0.00379896
62,477747,tf_resnet50,130000,29,8,J137,JJ30,324628,603801,0.00471766,16518.8,70363.5,466.236,68.9305,324628,0,n1,In-house server 3,Quadro P600,2,0.44,0,0.00759792,0,0.00759792
62,477747,pytorch_alexnet,130000,1425,1024,J12,JJ41,448340,1.07442e+06,0.00590288,57018.5,420618,466.236,23.0853,448340,0,n1,In-house server 3,Quadro P600,2,0.44,0,0.00759792,0,0.00759792
62,477747,tf_resnet50,130000,75,8,J121,JJ12,122749,498264,0.0063803,3502.41,14909.2,466.236,97.5165,122749,0,n1,In-house server 3,Quadro P600,1,0.44,0,0.00379896,0,0.00379896
62,477747,pytorch_resnet50,130000,257,64,J44,JJ33,358261,2.26207e+06,0.00519791,29587.3,935041,466.236,31.8352,358261,0,n4,In-house server 3,Quadro P600,2,0.44,0,0.00759792,0,0.00759792
62,477747,tf_resnet50,130000,107,32,J151,JJ39,426073,1.41419e+06,0.0126269,78995,440936,466.236,12.1946,426073,0,n2,In-house server 3,Quadro P600,1,0.44,0,0.00379896,0,0.00379896
62,477747,tf_resnet50,130000,107,32,J151,JJ24,256997,1.18747e+06,0.0146461,46254,258182,466.236,48.6258,256997,0,n2,In-house server 3,Quadro P600,1,0.44,0,0.00379896,0,0.00379896
62,477747,pytorch_resnet50,130000,86,8,J33,JJ13,133968,1.17884e+06,0.00751855,13024.4,48055.6,466.236,91.3245,133968,0,n2,In-house server 3,Quadro P600,2,0.44,0,0.00759792,0,0.00759792
62,477747,pytorch_vgg19,130000,224,16,J69,JJ27,290767,1.16193e+06,0.00303448,6161.04,896993,466.236,86.2591,290767,0,n3,In-house server 2,GTX 1080Ti,7,1.13,0,0.128053,0,0.128053
62,477747,tf_resnet50,130000,126,32,J143,JJ10,100461,1.11585e+06,0.0113172,37084.9,207014,466.236,65.0364,100461,0,n2,In-house server 3,Quadro P600,2,0.44,0,0.00759792,0,0.00759792
62,477747,tf_alexnet,130000,311,128,J97,JJ40,437235,1.22446e+06,0.00875799,53739,428409,466.236,18.3268,437235,0,n2,In-house server 3,Quadro P600,1,0.44,0,0.00379896,0,0.00379896
63,487656,pytorch_resnet50,130000,3564,32,J51,JJ17,178710,1.84849e+07,0.0140526,40943.6,1.84984e+07,9909.4,5.39888,178710,0,n4,Standard_NV24X,M60,1,4.96,0,1.05023,0,1.05023
63,487656,pytorch_vgg19,130000,150,8,J68,JJ21,223583,3.07812e+06,0.0066921,23063.2,3.79196e+06,9909.4,48.1715,223583,0,n4,Standard_NV24X,M60,1,4.96,0,1.05023,0,1.05023
63,487656,tf_resnet50,130000,103,16,J146,JJ36,392061,1.49099e+06,0.00881309,93551.3,450947,9909.4,28.5833,392061,0,n4,Standard_NV24X,M60,1,4.96,0,1.05023,0,1.05023
63,487656,pytorch_resnet50,130000,3676,32,J59,JJ14,145125,1.23654e+07,0.003575,22845.7,1.06455e+07,9909.4,47.2876,145125,0,n4,Standard_NV24X,M60,1,4.96,0,1.05023,0,1.05023
63,487656,tf_vgg19,130000,14,32,J158,JJ38,414662,1.39219e+06,0.0127885,19100.5,288334,9909.4,71.8406,414662,0,n4,Standard_NV24X,M60,1,4.96,0,1.05023,0,1.05023
63,487656,pytorch_alexnet,130000,1425,1024,J12,JJ41,448340,1.07442e+06,0.00590288,56878.3,419583,9909.4,36.4855,448340,0,n1,In-house server 3,Quadro P600,3,0.44,0,0.302787,0,0.302787
63,487656,tf_resnet50,130000,107,32,J151,JJ34,369490,712678,0.00644072,41479.1,231529,9909.4,55.8241,369490,0,n1,In-house server 3,Quadro P600,1,0.44,0,0.100929,0,0.100929
63,487656,tf_resnet50,130000,112,64,J144,JJ23,245834,539184,0.00860447,3954.85,24920.4,9909.4,96.8332,245834,0,n1,In-house server 3,Quadro P600,1,0.44,0,0.100929,0,0.100929
63,487656,tf_resnet50,130000,75,8,J121,JJ12,122749,498264,0.0063803,3392.88,14442.9,9909.4,99.2593,122749,0,n1,In-house server 3,Quadro P600,2,0.44,0,0.201858,0,0.201858
63,487656,pytorch_vgg19,130000,150,8,J71,JJ29,313272,9.42867e+06,0.00906461,35314.5,5.81562e+06,9909.4,19.7957,313272,0,n4,Standard_NV24X,M60,1,4.96,0,1.05023,0,1.05023
63,487656,tf_resnet50,130000,29,8,J137,JJ30,324628,603801,0.00471766,16406.9,69886.7,9909.4,73.336,324628,0,n1,In-house server 3,Quadro P600,1,0.44,0,0.100929,0,0.100929
63,487656,tf_alexnet,130000,372,256,J94,JJ37,403375,1.36951e+06,0.00951469,33455.7,272595,9909.4,53.7843,403375,0,n2,In-house server 3,Quadro P600,1,0.44,0,0.0807433,0,0.0807433
63,487656,pytorch_vgg19,130000,224,16,J69,JJ27,290767,1.16193e+06,0.00303448,5957.29,867329,9909.4,100,290767,487656,n3,In-house server 2,GTX 1080Ti,8,1.13,0,1.65891,0,1.65891
63,487656,pytorch_resnet50,130000,257,64,J44,JJ33,358261,2.26207e+06,0.00519791,29557.3,934093,9909.4,34.3779,358261,0,n4,Standard_NV24X,M60,1,4.96,0,1.05023,0,1.05023
63,487656,tf_resnet50,130000,107,32,J151,JJ39,426073,1.41419e+06,0.0126269,78911.3,440469,9909.4,14.1728,426073,0,n2,In-house server 3,Quadro P600,1,0.44,0,0.0807433,0,0.0807433
63,487656,tf_resnet50,130000,107,32,J151,JJ24,256997,1.18747e+06,0.0146461,46170.4,257715,9909.4,50.604,256997,0,n2,In-house server 3,Quadro P600,1,0.44,0,0.0807433,0,0.0807433
63,487656,pytorch_resnet50,130000,86,8,J33,JJ13,133968,1.17884e+06,0.00751855,12842,47382.8,9909.4,93.1389,133968,0,n2,In-house server 3,Quadro P600,1,0.44,0,0.0807433,0,0.0807433
63,487656,tf_resnet50,130000,126,32,J143,JJ10,100461,1.11585e+06,0.0113172,37001.4,206548,9909.4,66.7138,100461,0,n2,In-house server 3,Quadro P600,2,0.44,0,0.161487,0,0.161487
63,487656,tf_alexnet,130000,311,128,J97,JJ40,437235,1.22446e+06,0.00875799,53596.7,427275,9909.4,22.8082,437235,0,n2,In-house server 3,Quadro P600,2,0.44,0,0.161487,0,0.161487
64,491868,pytorch_resnet50,130000,3564,32,J51,JJ17,178710,1.84849e+07,0.0140526,40868.3,1.84644e+07,4211.59,5.43999,178710,0,n4,In-house server 3,Quadro P600,2,0.44,0,0.0686333,0,0.0686333
64,491868,pytorch_resnet50,130000,3676,32,J59,JJ14,145125,1.23654e+07,0.003575,22772.8,1.06115e+07,4211.59,47.3275,145125,0,n4,In-house server 3,Quadro P600,2,0.44,0,0.0686333,0,0.0686333
64,491868,tf_vgg19,130000,14,32,J158,JJ38,414662,1.39219e+06,0.0127885,12777.6,192886,4211.59,72.7728,414662,0,n4,In-house server 3,Quadro P600,2,0.44,0,0.0686333,0,0.0686333
64,491868,pytorch_vgg19,130000,150,8,J68,JJ21,223583,3.07812e+06,0.0066921,22474.6,3.69519e+06,4211.59,48.5264,223583,0,n4,In-house server 3,Quadro P600,1,0.44,0,0.0343167,0,0.0343167
64,491868,tf_resnet50,130000,103,16,J146,JJ36,392061,1.49099e+06,0.00881309,87076.8,419738,4211.59,29.2999,392061,0,n3,In-house server 3,Quadro P600,1,0.44,0,0.051475,0,0.051475
64,491868,pytorch_alexnet,130000,1425,1024,J12,JJ41,448340,1.07442e+06,0.00590288,46968.9,346483,4211.59,38.1988,448340,0,n2,In-house server 3,Quadro P600,2,0.44,0,0.0735357,0,0.0735357
64,491868,tf_resnet50,130000,107,32,J151,JJ34,369490,712678,0.00644072,39701.2,221605,4211.59,56.6648,369490,0,n1,In-house server 3,Quadro P600,1,0.44,0,0.0367679,0,0.0367679
64,491868,tf_resnet50,130000,112,64,J144,JJ23,245834,539184,0.00860447,2368.44,14924.1,4211.59,97.7269,245834,0,n1,In-house server 3,Quadro P600,2,0.44,0,0.0735357,0,0.0735357
64,491868,tf_resnet50,130000,75,8,J121,JJ12,122749,498264,0.0063803,1011.93,4307.6,4211.59,100,122749,491868,n1,In-house server 3,Quadro P600,2,0.44,0,0.0735357,0,0.0735357
64,491868,pytorch_vgg19,130000,150,8,J71,JJ29,313272,9.42867e+06,0.00906461,34726.8,5.71885e+06,4211.59,20.1507,313272,0,n4,In-house server 3,Quadro P600,1,0.44,0,0.0343167,0,0.0343167
64,491868,tf_resnet50,130000,29,8,J137,JJ30,324628,603801,0.00471766,14080.5,59977.3,4211.59,75.2509,324628,0,n1,In-house server 3,Quadro P600,2,0.44,0,0.0735357,0,0.0735357
64,491868,tf_alexnet,130000,372,256,J94,JJ37,403375,1.36951e+06,0.00951469,30403.9,247729,4211.59,55.7559,403375,0,n3,In-house server 3,Quadro P600,1,0.44,0,0.051475,0,0.051475
64,491868,pytorch_resnet50,130000,257,64,J44,JJ33,358261,2.26207e+06,0.00519791,28454.8,899249,4211.59,40.0551,358261,0,n3,In-house server 3,Quadro P600,5,0.44,0,0.257375,0,0.257375
64,491868,pytorch_resnet50,130000,86,8,J33,JJ13,133968,1.17884e+06,0.00751855,10156.3,37473.4,4211.59,94.2516,133968,0,n2,In-house server 3,Quadro P600,2,0.44,0,0.0735357,0,0.0735357
64,491868,tf_resnet50,130000,107,32,J151,JJ24,256997,1.18747e+06,0.0146461,44392.5,247791,4211.59,51.4448,256997,0,n2,In-house server 3,Quadro P600,1,0.44,0,0.0367679,0,0.0367679
64,491868,tf_resnet50,130000,107,32,J151,JJ39,426073,1.41419e+06,0.0126269,77133.5,430545,4211.59,15.0136,426073,0,n2,In-house server 3,Quadro P600,1,0.44,0,0.0367679,0,0.0367679
64,491868,tf_resnet50,130000,126,32,J143,JJ10,100461,1.11585e+06,0.0113172,35226.2,196639,4211.59,67.4278,100461,0,n1,In-house server 3,Quadro P600,1,0.44,0,0.0367679,0,0.0367679
64,491868,tf_alexnet,130000,311,128,J97,JJ40,437235,1.22446e+06,0.00875799,50655.9,403831,4211.59,24.7128,437235,0,n2,In-house server 3,Quadro P600,2,0.44,0,0.0735357,0,0.0735357
65,502487,pytorch_resnet50,130000,3564,32,J51,JJ17,178710,1.84849e+07,0.0140526,40850.6,1.84564e+07,10619.4,5.54365,178710,0,n4,In-house server 3,Quadro P600,2,0.44,0,0.235987,0,0.235987
65,502487,pytorch_vgg19,130000,150,8,J68,JJ21,223583,3.07812e+06,0.0066921,22320.7,3.66989e+06,10619.4,49.4214,223583,0,n4,In-house server 3,Quadro P600,1,0.44,0,0.117993,0,0.117993
65,502487,pytorch_resnet50,130000,3676,32,J59,JJ14,145125,1.23654e+07,0.003575,22755.5,1.06035e+07,10619.4,47.428,145125,0,n3,In-house server 3,Quadro P600,2,0.44,0,0.185418,0,0.185418
65,502487,tf_vgg19,130000,14,32,J158,JJ38,414662,1.39219e+06,0.0127885,12354.6,186501,10619.4,75.1311,414662,0,n3,In-house server 3,Quadro P600,1,0.44,0,0.092709,0,0.092709
65,502487,pytorch_alexnet,130000,1425,1024,J12,JJ41,448340,1.07442e+06,0.00590288,45701.8,337136,10619.4,52.5591,448340,0,n1,In-house server 3,Quadro P600,3,0.44,0,0.324482,0,0.324482
65,502487,pytorch_vgg19,130000,150,8,J71,JJ29,313272,9.42867e+06,0.00906461,34573.1,5.69354e+06,10619.4,21.0457,313272,0,n3,In-house server 3,Quadro P600,1,0.44,0,0.092709,0,0.092709
65,502487,tf_alexnet,130000,372,256,J94,JJ37,403375,1.36951e+06,0.00951469,29106.8,237160,10619.4,60.5615,403375,0,n3,In-house server 3,Quadro P600,2,0.44,0,0.185418,0,0.185418
65,502487,tf_resnet50,130000,29,8,J137,JJ30,324628,603801,0.00471766,13069.3,55669.9,10619.4,80.0792,324628,0,n1,In-house server 3,Quadro P600,2,0.44,0,0.216321,0,0.216321
65,502487,tf_resnet50,130000,112,64,J144,JJ23,245834,539184,0.00860447,1700.07,10712.5,10619.4,100,245834,502487,n1,In-house server 3,Quadro P600,1,0.44,0,0.108161,0,0.108161
65,502487,tf_resnet50,130000,107,32,J151,JJ34,369490,712678,0.00644072,38945.6,217387,10619.4,58.7848,369490,0,n2,In-house server 3,Quadro P600,1,0.44,0,0.0865284,0,0.0865284
65,502487,tf_resnet50,130000,126,32,J143,JJ10,100461,1.11585e+06,0.0113172,34470.6,192421,10619.4,69.2254,100461,0,n1,In-house server 3,Quadro P600,2,0.44,0,0.216321,0,0.216321
65,502487,tf_alexnet,130000,311,128,J97,JJ40,437235,1.22446e+06,0.00875799,49406,393867,10619.4,29.5153,437235,0,n2,In-house server 3,Quadro P600,2,0.44,0,0.173057,0,0.173057
65,502487,pytorch_resnet50,130000,257,64,J44,JJ33,358261,2.26207e+06,0.00519791,25993,821451,10619.4,54.3703,358261,0,n4,In-house server 3,Quadro P600,5,0.44,0,0.589966,0,0.589966
65,502487,tf_resnet50,130000,107,32,J151,JJ24,256997,1.18747e+06,0.0146461,43636.9,243573,10619.4,53.5648,256997,0,n2,In-house server 3,Quadro P600,1,0.44,0,0.0865284,0,0.0865284
65,502487,pytorch_resnet50,130000,86,8,J33,JJ13,133968,1.17884e+06,0.00751855,8509.12,31395.8,10619.4,97.0574,133968,0,n2,In-house server 3,Quadro P600,2,0.44,0,0.173057,0,0.173057
65,502487,tf_resnet50,130000,107,32,J151,JJ39,426073,1.41419e+06,0.0126269,76377.9,426327,10619.4,17.1306,426073,0,n2,In-house server 3,Quadro P600,2,0.44,0,0.173057,0,0.173057
65,502487,tf_resnet50,130000,103,16,J146,JJ36,392061,1.49099e+06,0.00881309,86203.1,415526,10619.4,31.1237,392061,0,n3,In-house server 3,Quadro P600,2,0.44,0,0.185418,0,0.185418
66,507741,pytorch_resnet50,130000,3564,32,J51,JJ17,178710,1.84849e+07,0.0140526,40805.8,1.84361e+07,5253.55,5.59494,178710,0,n4,In-house server 3,Quadro P600,2,0.44,0,0.116746,0,0.116746
66,507741,pytorch_vgg19,130000,150,8,J68,JJ21,223583,3.07812e+06,0.0066921,21932.6,3.60607e+06,5253.55,49.8642,223583,0,n3,In-house server 3,Quadro P600,1,0.44,0,0.0458643,0,0.0458643
66,507741,pytorch_resnet50,130000,3676,32,J59,JJ14,145125,1.23654e+07,0.003575,22712.1,1.05832e+07,5253.55,47.4541,145125,0,n4,In-house server 3,Quadro P600,1,0.44,0,0.0583728,0,0.0583728
66,507741,tf_vgg19,130000,14,32,J158,JJ38,414662,1.39219e+06,0.0127885,11284.5,170347,5253.55,76.2978,414662,0,n3,In-house server 3,Quadro P600,1,0.44,0,0.0458643,0,0.0458643
66,507741,pytorch_alexnet,130000,1425,1024,J12,JJ41,448340,1.07442e+06,0.00590288,35082.4,258798,5253.55,54.6963,448340,0,n1,In-house server 3,Quadro P600,2,0.44,0,0.0856134,0,0.0856134
66,507741,tf_resnet50,130000,107,32,J151,JJ34,369490,712678,0.00644072,37040.4,206753,5253.55,59.8336,369490,0,n1,In-house server 3,Quadro P600,1,0.44,0,0.0428067,0,0.0428067
66,507741,tf_resnet50,130000,126,32,J143,JJ10,100461,1.11585e+06,0.0113172,32568.3,181802,5253.55,70.1147,100461,0,n1,In-house server 3,Quadro P600,2,0.44,0,0.0856134,0,0.0856134
66,507741,tf_alexnet,130000,311,128,J97,JJ40,437235,1.22446e+06,0.00875799,46254.5,368743,5253.55,31.8911,437235,0,n3,In-house server 3,Quadro P600,2,0.44,0,0.0917286,0,0.0917286
66,507741,pytorch_vgg19,130000,150,8,J71,JJ29,313272,9.42867e+06,0.00906461,34185.6,5.62972e+06,5253.55,21.4885,313272,0,n3,In-house server 3,Quadro P600,1,0.44,0,0.0458643,0,0.0458643
66,507741,tf_resnet50,130000,29,8,J137,JJ30,324628,603801,0.00471766,10519.6,44809.1,5253.55,82.4679,324628,0,n1,In-house server 3,Quadro P600,2,0.44,0,0.0856134,0,0.0856134
66,507741,tf_alexnet,130000,372,256,J94,JJ37,403375,1.36951e+06,0.00951469,25945.3,211401,5253.55,63.0209,403375,0,n3,In-house server 3,Quadro P600,1,0.44,0,0.0458643,0,0.0458643
66,507741,pytorch_resnet50,130000,257,64,J44,JJ33,358261,2.26207e+06,0.00519791,19785.7,625284,5253.55,61.4522,358261,0,n4,In-house server 3,Quadro P600,5,0.44,0,0.291864,0,0.291864
66,507741,pytorch_resnet50,130000,86,8,J33,JJ13,133968,1.17884e+06,0.00751855,4355.8,16071.5,5253.55,100,133968,507741,n2,Standard_NV6,M60,1,0.62,0,0.904778,0,0.904778
66,507741,tf_resnet50,130000,107,32,J151,JJ39,426073,1.41419e+06,0.0126269,74475.4,415708,5253.55,18.1793,426073,0,n1,In-house server 3,Quadro P600,1,0.44,0,0.0428067,0,0.0428067
66,507741,tf_resnet50,130000,107,32,J151,JJ24,256997,1.18747e+06,0.0146461,41731.7,232938,5253.55,54.6136,256997,0,n3,In-house server 3,Quadro P600,1,0.44,0,0.0458643,0,0.0458643
66,507741,tf_resnet50,130000,103,16,J146,JJ36,392061,1.49099e+06,0.00881309,83979.4,404807,5253.55,32.0176,392061,0,n3,In-house server 3,Quadro P600,1,0.44,0,0.0458643,0,0.0458643
67,524456,pytorch_resnet50,130000,3564,32,J51,JJ17,178710,1.84849e+07,0.0140526,40783.6,1.84261e+07,16715.6,5.75811,178710,0,n4,In-house server 3,Quadro P600,2,0.44,0,0.29186,0,0.29186
67,524456,pytorch_vgg19,130000,150,8,J68,JJ21,223583,3.07812e+06,0.0066921,21740.6,3.57451e+06,16715.6,50.4878,223583,0,n4,In-house server 3,Quadro P600,2,0.44,0,0.29186,0,0.29186
67,524456,tf_resnet50,130000,126,32,J143,JJ10,100461,1.11585e+06,0.0113172,31627.1,176548,16715.6,72.9442,100461,0,n1,In-house server 3,Quadro P600,2,0.44,0,0.272403,0,0.272403
67,524456,tf_alexnet,130000,311,128,J97,JJ40,437235,1.22446e+06,0.00875799,44695.4,356313,16715.6,39.4505,437235,0,n2,In-house server 3,Quadro P600,2,0.44,0,0.29186,0,0.29186
67,524456,tf_resnet50,130000,107,32,J151,JJ34,369490,712678,0.00644072,36097.8,201491,16715.6,63.1658,369490,0,n1,In-house server 3,Quadro P600,2,0.44,0,0.272403,0,0.272403
67,524456,pytorch_alexnet,130000,1425,1024,J12,JJ41,448340,1.07442e+06,0.00590288,33502,247139,16715.6,61.4966,448340,0,n1,In-house server 3,Quadro P600,2,0.44,0,0.272403,0,0.272403
67,524456,pytorch_vgg19,130000,150,8,J71,JJ29,313272,9.42867e+06,0.00906461,33993.9,5.59815e+06,16715.6,22.8973,313272,0,n2,In-house server 3,Quadro P600,1,0.44,0,0.14593,0,0.14593
67,524456,tf_resnet50,130000,29,8,J137,JJ30,324628,603801,0.00471766,9258.21,39436.2,16715.6,89.8992,324628,0,n1,In-house server 3,Quadro P600,1,0.44,0,0.136202,0,0.136202
67,524456,tf_alexnet,130000,372,256,J94,JJ37,403375,1.36951e+06,0.00951469,24327.3,198218,16715.6,70.5854,403375,0,n2,In-house server 3,Quadro P600,2,0.44,0,0.29186,0,0.29186
67,524456,pytorch_resnet50,130000,3676,32,J59,JJ14,145125,1.23654e+07,0.003575,22700.8,1.0578e+07,16715.6,47.6123,145125,0,n4,In-house server 3,Quadro P600,2,0.44,0,0.29186,0,0.29186
67,524456,tf_vgg19,130000,14,32,J158,JJ38,414662,1.39219e+06,0.0127885,10755.1,162355,16715.6,80.01,414662,0,n2,In-house server 3,Quadro P600,1,0.44,0,0.14593,0,0.14593
67,524456,tf_resnet50,130000,107,32,J151,JJ24,256997,1.18747e+06,0.0146461,40789.1,227677,16715.6,57.9458,256997,0,n2,In-house server 3,Quadro P600,2,0.44,0,0.29186,0,0.29186
67,524456,tf_resnet50,130000,107,32,J151,JJ39,426073,1.41419e+06,0.0126269,73532.8,410447,16715.6,21.5164,426073,0,n1,In-house server 3,Quadro P600,1,0.44,0,0.136202,0,0.136202
67,524456,pytorch_resnet50,130000,257,64,J44,JJ33,358261,2.26207e+06,0.00519791,16714.9,528237,16715.6,100,358261,524456,n3,In-house server 3,Quadro P600,8,0.44,0,2.04302,0,2.04302
67,524456,tf_resnet50,130000,103,16,J146,JJ36,392061,1.49099e+06,0.00881309,82889.5,399554,16715.6,34.8883,392061,0,n4,In-house server 3,Quadro P600,2,0.44,0,0.29186,0,0.29186
68,546672,pytorch_resnet50,130000,3564,32,J51,JJ17,178710,1.84849e+07,0.0140526,40713.1,1.83943e+07,22215.5,6.08768,178710,0,n3,In-house server 3,Quadro P600,3,0.44,0,0.740518,0,0.740518
68,546672,pytorch_alexnet,130000,1425,1024,J12,JJ41,448340,1.07442e+06,0.00590288,28473.2,210043,22215.5,91.538,448340,0,n1,In-house server 3,Quadro P600,3,0.44,0,0.678808,0,0.678808
68,546672,tf_resnet50,130000,126,32,J143,JJ10,100461,1.11585e+06,0.0113172,28632.7,159832,22215.5,76.7048,100461,0,n1,In-house server 3,Quadro P600,2,0.44,0,0.452539,0,0.452539
68,546672,tf_alexnet,130000,311,128,J97,JJ40,437235,1.22446e+06,0.00875799,39734.6,316766,22215.5,49.7799,437235,0,n2,In-house server 3,Quadro P600,1,0.44,0,0.181015,0,0.181015
68,546672,tf_resnet50,130000,107,32,J151,JJ34,369490,712678,0.00644072,33103.1,184776,22215.5,67.6008,369490,0,n1,In-house server 3,Quadro P600,1,0.44,0,0.226269,0,0.226269
68,546672,tf_resnet50,130000,107,32,J151,JJ39,426073,1.41419e+06,0.0126269,70533.8,393707,22215.5,25.9449,426073,0,n2,In-house server 3,Quadro P600,2,0.44,0,0.362031,0,0.362031
68,546672,tf_resnet50,130000,107,32,J151,JJ24,256997,1.18747e+06,0.0146461,37794.4,210962,22215.5,62.3743,256997,0,n2,In-house server 3,Quadro P600,2,0.44,0,0.362031,0,0.362031
68,546672,pytorch_vgg19,130000,150,8,J71,JJ29,313272,9.42867e+06,0.00906461,33383.9,5.4977e+06,22215.5,24.7696,313272,0,n3,In-house server 3,Quadro P600,1,0.44,0,0.246839,0,0.246839
68,546672,tf_resnet50,130000,29,8,J137,JJ30,324628,603801,0.00471766,5333.97,22720.5,22215.5,100,324628,546672,n1,In-house server 3,Quadro P600,2,0.44,0,0.452539,0,0.452539
68,546672,tf_alexnet,130000,372,256,J94,JJ37,403375,1.36951e+06,0.00951469,19350.9,157670,22215.5,80.6387,403375,0,n3,In-house server 3,Quadro P600,2,0.44,0,0.493679,0,0.493679
68,546672,pytorch_vgg19,130000,150,8,J68,JJ21,223583,3.07812e+06,0.0066921,21470.2,3.53005e+06,22215.5,52.3601,223583,0,n2,In-house server 3,Quadro P600,1,0.44,0,0.181015,0,0.181015
68,546672,pytorch_resnet50,130000,3676,32,J59,JJ14,145125,1.23654e+07,0.003575,22632.5,1.05461e+07,22215.5,99.0349,145125,0,n4,In-house server 3,Quadro P600,8,0.44,0,2.71523,0,2.71523
68,546672,tf_vgg19,130000,14,32,J158,JJ38,414662,1.39219e+06,0.0127885,9070.66,136927,22215.5,84.9436,414662,0,n2,In-house server 3,Quadro P600,1,0.44,0,0.181015,0,0.181015
68,546672,tf_resnet50,130000,103,16,J146,JJ36,392061,1.49099e+06,0.00881309,79389.3,382681,22215.5,38.6682,392061,0,n2,In-house server 3,Quadro P600,1,0.44,0,0.181015,0,0.181015
69,547089,pytorch_resnet50,130000,3564,32,J51,JJ17,178710,1.84849e+07,0.0140526,40570.7,1.83299e+07,416.962,6.13064,178710,0,n4,In-house server 3,Quadro P600,7,0.44,0,0.0396371,0,0.0396371
69,547089,pytorch_vgg19,130000,150,8,J71,JJ29,313272,9.42867e+06,0.00906461,32573.2,5.36419e+06,416.962,24.8048,313272,0,n4,In-house server 3,Quadro P600,1,0.44,0,0.00566245,0,0.00566245
69,547089,tf_alexnet,130000,372,256,J94,JJ37,403375,1.36951e+06,0.00951469,12737.2,103782,416.962,80.8339,403375,0,n2,In-house server 3,Quadro P600,1,0.44,0,0.00463291,0,0.00463291
69,547089,pytorch_vgg19,130000,150,8,J68,JJ21,223583,3.07812e+06,0.0066921,20658.3,3.39655e+06,416.962,52.3953,223583,0,n2,In-house server 3,Quadro P600,1,0.44,0,0.00463291,0,0.00463291
69,547089,tf_resnet50,130000,126,32,J143,JJ10,100461,1.11585e+06,0.0113172,24652.9,137617,416.962,76.7755,100461,0,n1,In-house server 3,Quadro P600,1,0.44,0,0.00364015,0,0.00364015
69,547089,tf_alexnet,130000,311,128,J97,JJ40,437235,1.22446e+06,0.00875799,32956.1,262728,416.962,49.9738,437235,0,n1,In-house server 3,Quadro P600,1,0.44,0,0.00364015,0,0.00364015
69,547089,tf_resnet50,130000,107,32,J151,JJ34,369490,712678,0.00644072,29117.4,162528,416.962,67.6839,369490,0,n1,In-house server 3,Quadro P600,2,0.44,0,0.00728029,0,0.00728029
69,547089,pytorch_alexnet,130000,1425,1024,J12,JJ41,448340,1.07442e+06,0.00590288,6257.67,46162,416.962,91.7076,448340,0,n1,In-house server 3,Quadro P600,2,0.44,0,0.00728029,0,0.00728029
69,547089,tf_resnet50,130000,107,32,J151,JJ24,256997,1.18747e+06,0.0146461,33814.5,188746,416.962,62.4574,256997,0,n1,In-house server 3,Quadro P600,2,0.44,0,0.00728029,0,0.00728029
69,547089,tf_resnet50,130000,107,32,J151,JJ39,426073,1.41419e+06,0.0126269,66553.8,371491,416.962,26.028,426073,0,n2,In-house server 3,Quadro P600,2,0.44,0,0.00926582,0,0.00926582
69,547089,tf_vgg19,130000,14,32,J158,JJ38,414662,1.39219e+06,0.0127885,6832,103133,416.962,85.0362,414662,0,n2,In-house server 3,Quadro P600,1,0.44,0,0.00463291,0,0.00463291
69,547089,pytorch_resnet50,130000,3676,32,J59,JJ14,145125,1.23654e+07,0.003575,416.962,194293,416.962,100,145125,547089,n3,In-house server 3,Quadro P600,8,0.44,0,0.0291212,0,0.0291212
69,547089,tf_resnet50,130000,103,16,J146,JJ36,392061,1.49099e+06,0.00881309,74780.6,360466,416.962,38.7391,392061,0,n2,In-house server 3,Quadro P600,1,0.44,0,0.00463291,0,0.00463291
70,553221,pytorch_vgg19,130000,150,8,J68,JJ21,223583,3.07812e+06,0.0066921,20643,3.39405e+06,6132.23,52.9121,223583,0,n2,In-house server 3,Quadro P600,1,0.44,0,0.0832771,0,0.0832771
70,553221,pytorch_alexnet,130000,1425,1024,J12,JJ41,448340,1.07442e+06,0.00590288,6132.23,45236.6,6132.23,100,448340,553221,n1,In-house server 3,Quadro P600,3,0.44,0,0.17296,0,0.17296
70,553221,tf_resnet50,130000,126,32,J143,JJ10,100461,1.11585e+06,0.0113172,24578.1,137199,6132.23,77.815,100461,0,n1,In-house server 3,Quadro P600,1,0.44,0,0.0576534,0,0.0576534
70,553221,tf_alexnet,130000,311,128,J97,JJ40,437235,1.22446e+06,0.00875799,32828.9,261713,6132.23,52.825,437235,0,n1,In-house server 3,Quadro P600,1,0.44,0,0.0576534,0,0.0576534
70,553221,tf_resnet50,130000,107,32,J151,JJ34,369490,712678,0.00644072,29042.7,162111,6132.23,68.9063,369490,0,n1,In-house server 3,Quadro P600,2,0.44,0,0.115307,0,0.115307
70,553221,tf_vgg19,130000,14,32,J158,JJ38,414662,1.39219e+06,0.0127885,6789.98,102499,6132.23,86.398,414662,0,n2,In-house server 3,Quadro P600,1,0.44,0,0.0832771,0,0.0832771
70,553221,pytorch_resnet50,130000,3564,32,J51,JJ17,178710,1.84849e+07,0.0140526,40552.2,1.83216e+07,6132.23,20.3254,178710,0,n4,In-house server 3,Quadro P600,8,0.44,0,0.749494,0,0.749494
70,553221,tf_resnet50,130000,103,16,J146,JJ36,392061,1.49099e+06,0.00881309,74694.1,360049,6132.23,39.7825,392061,0,n2,In-house server 3,Quadro P600,1,0.44,0,0.0832771,0,0.0832771
70,553221,tf_resnet50,130000,107,32,J151,JJ24,256997,1.18747e+06,0.0146461,33739.8,188329,6132.23,63.6817,256997,0,n1,In-house server 3,Quadro P600,1,0.44,0,0.0576534,0,0.0576534
70,553221,tf_resnet50,130000,107,32,J151,JJ39,426073,1.41419e+06,0.0126269,66479.1,371074,6132.23,27.2522,426073,0,n2,In-house server 3,Quadro P600,1,0.44,0,0.0832771,0,0.0832771
70,553221,tf_alexnet,130000,372,256,J94,JJ37,403375,1.36951e+06,0.00951469,12608.8,102735,6132.23,83.7046,403375,0,n2,In-house server 3,Quadro P600,1,0.44,0,0.0832771,0,0.0832771
70,553221,pytorch_vgg19,130000,150,8,J71,JJ29,313272,9.42867e+06,0.00906461,32558,5.36169e+06,6132.23,29.0899,313272,0,n3,In-house server 2,GTX 1080Ti,8,1.13,0,1.09991,0,1.09991
71,562894,pytorch_vgg19,130000,150,8,J71,JJ29,313272,9.42867e+06,0.00906461,30702.6,5.05614e+06,9672.95,29.9052,313272,0,n2,In-house server 3,Quadro P600,1,0.44,0,0.23645,0,0.23645
71,562894,pytorch_resnet50,130000,3564,32,J51,JJ17,178710,1.84849e+07,0.0140526,34420,1.5551e+07,9672.95,21.3221,178710,0,n4,In-house server 3,Quadro P600,7,0.44,0,0.551716,0,0.551716
71,562894,tf_vgg19,130000,14,32,J158,JJ38,414662,1.39219e+06,0.0127885,6172.04,93170.7,9672.95,100,414662,562894,n3,Standard_NV6,M60,1,0.62,0,1.6659,0,1.6659
71,562894,tf_resnet50,130000,103,16,J146,JJ36,392061,1.49099e+06,0.00881309,73421.9,353917,9672.95,41.4283,392061,0,n2,In-house server 3,Quadro P600,1,0.44,0,0.23645,0,0.23645
71,562894,tf_resnet50,130000,126,32,J143,JJ10,100461,1.11585e+06,0.0113172,23478,131058,9672.95,79.4548,100461,0,n2,In-house server 3,Quadro P600,1,0.44,0,0.23645,0,0.23645
71,562894,tf_resnet50,130000,107,32,J151,JJ34,369490,712678,0.00644072,27944.1,155979,9672.95,70.8346,369490,0,n1,In-house server 3,Quadro P600,2,0.44,0,0.168893,0,0.168893
71,562894,tf_alexnet,130000,311,128,J97,JJ40,437235,1.22446e+06,0.00875799,30957.8,246797,9672.95,57.1995,437235,0,n1,In-house server 3,Quadro P600,2,0.44,0,0.168893,0,0.168893
71,562894,tf_resnet50,130000,107,32,J151,JJ39,426073,1.41419e+06,0.0126269,65378.9,364933,9672.95,29.1805,426073,0,n1,In-house server 3,Quadro P600,2,0.44,0,0.168893,0,0.168893
71,562894,pytorch_vgg19,130000,150,8,J68,JJ21,223583,3.07812e+06,0.0066921,20418.9,3.3572e+06,9672.95,53.7274,223583,0,n4,In-house server 3,Quadro P600,1,0.44,0,0.0788166,0,0.0788166
71,562894,tf_resnet50,130000,107,32,J151,JJ24,256997,1.18747e+06,0.0146461,32639.6,182188,9672.95,65.6127,256997,0,n1,In-house server 3,Quadro P600,1,0.44,0,0.0844464,0,0.0844464
71,562894,tf_alexnet,130000,372,256,J94,JJ37,403375,1.36951e+06,0.00951469,10720.2,87347.5,9672.95,88.2329,403375,0,n1,In-house server 3,Quadro P600,1,0.44,0,0.0844464,0,0.0844464
72,588897,pytorch_resnet50,130000,3564,32,J51,JJ17,178710,1.84849e+07,0.0140526,33989.4,1.53565e+07,26002.5,81.5121,178710,0,n3,In-house server 3,Quadro P600,8,0.44,0,1.81605,0,1.81605
72,588897,pytorch_vgg19,130000,150,8,J71,JJ29,313272,9.42867e+06,0.00906461,30349.6,4.99801e+06,26002.5,32.0967,313272,0,n2,In-house server 3,Quadro P600,1,0.44,0,0.454012,0,0.454012
72,588897,tf_resnet50,130000,103,16,J146,JJ36,392061,1.49099e+06,0.00881309,71415.2,344244,26002.5,45.8525,392061,0,n1,In-house server 3,Quadro P600,1,0.44,0,0.211872,0,0.211872
72,588897,tf_alexnet,130000,372,256,J94,JJ37,403375,1.36951e+06,0.00951469,7741.18,63074.6,26002.5,100,403375,588897,n2,In-house server 3,Quadro P600,2,0.44,0,0.908024,0,0.908024
72,588897,pytorch_vgg19,130000,150,8,J68,JJ21,223583,3.07812e+06,0.0066921,20065.4,3.29908e+06,26002.5,55.9189,223583,0,n2,In-house server 3,Quadro P600,1,0.44,0,0.454012,0,0.454012
72,588897,tf_resnet50,130000,107,32,J151,JJ24,256997,1.18747e+06,0.0146461,30904.1,172501,26002.5,70.8037,256997,0,n1,In-house server 3,Quadro P600,1,0.44,0,0.211872,0,0.211872
72,588897,tf_resnet50,130000,107,32,J151,JJ34,369490,712678,0.00644072,26211.1,146306,26002.5,76.0256,369490,0,n1,In-house server 3,Quadro P600,1,0.44,0,0.211872,0,0.211872
72,588897,tf_alexnet,130000,311,128,J97,JJ40,437235,1.22446e+06,0.00875799,28087.2,223912,26002.5,68.9587,437235,0,n1,In-house server 3,Quadro P600,2,0.44,0,0.423745,0,0.423745
72,588897,tf_resnet50,130000,126,32,J143,JJ10,100461,1.11585e+06,0.0113172,21742.7,121371,26002.5,83.8564,100461,0,n1,In-house server 3,Quadro P600,2,0.44,0,0.423745,0,0.423745
72,588897,tf_resnet50,130000,107,32,J151,JJ39,426073,1.41419e+06,0.0126269,63646,355260,26002.5,34.3715,426073,0,n1,In-house server 3,Quadro P600,1,0.44,0,0.211872,0,0.211872
73,596883,pytorch_resnet50,130000,3564,32,J51,JJ17,178710,1.84849e+07,0.0140526,7986.89,3.60849e+06,7986.89,100,178710,596883,n4,In-house server 3,Quadro P600,8,0.44,0,0.976175,0,0.976175
73,596883,pytorch_vgg19,130000,150,8,J71,JJ29,313272,9.42867e+06,0.00906461,29400.7,4.84175e+06,7986.89,37.6778,313272,0,n3,In-house server 2,GTX 1080Ti,8,1.13,0,1.43257,0,1.43257
73,596883,tf_resnet50,130000,103,16,J146,JJ36,392061,1.49099e+06,0.00881309,66020.9,318241,7986.89,47.2115,392061,0,n2,In-house server 1,Quadro P600,1,0.11,0,0.244044,0,0.244044
73,596883,tf_resnet50,130000,107,32,J151,JJ34,369490,712678,0.00644072,21546,120266,7986.89,77.6201,369490,0,n1,In-house server 3,Quadro P600,1,0.44,0,0.0697268,0,0.0697268
73,596883,tf_alexnet,130000,311,128,J97,JJ40,437235,1.22446e+06,0.00875799,20370.3,162393,7986.89,72.6723,437235,0,n1,In-house server 3,Quadro P600,1,0.44,0,0.0697268,0,0.0697268
73,596883,tf_resnet50,130000,126,32,J143,JJ10,100461,1.11585e+06,0.0113172,17084.5,95368.8,7986.89,85.2083,100461,0,n1,In-house server 3,Quadro P600,2,0.44,0,0.139454,0,0.139454
73,596883,tf_resnet50,130000,107,32,J151,JJ39,426073,1.41419e+06,0.0126269,58980.8,329220,7986.89,35.9636,426073,0,n1,In-house server 3,Quadro P600,2,0.44,0,0.139454,0,0.139454
73,596883,pytorch_vgg19,130000,150,8,J68,JJ21,223583,3.07812e+06,0.0066921,19115.1,3.14283e+06,7986.89,56.5921,223583,0,n2,In-house server 1,Quadro P600,1,0.11,0,0.244044,0,0.244044
73,596883,tf_resnet50,130000,107,32,J151,JJ24,256997,1.18747e+06,0.0146461,26238.9,146461,7986.89,72.3958,256997,0,n1,In-house server 3,Quadro P600,2,0.44,0,0.139454,0,0.139454
74,657312,pytorch_vgg19,130000,150,8,J71,JJ29,313272,9.42867e+06,0.00906461,26984.2,4.44379e+06,60428.1,42.7708,313272,0,n2,In-house server 3,Quadro P600,1,0.44,0,0.738565,0,0.738565
74,657312,tf_resnet50,130000,107,32,J151,JJ24,256997,1.18747e+06,0.0146461,24808,138474,60428.1,84.6773,256997,0,n2,In-house server 3,Quadro P600,3,0.44,0,2.2157,0,2.2157
74,657312,pytorch_vgg19,130000,150,8,J68,JJ21,223583,3.07812e+06,0.0066921,18823.2,3.09483e+06,60428.1,61.685,223583,0,n2,In-house server 3,Quadro P600,1,0.44,0,0.738565,0,0.738565
74,657312,tf_resnet50,130000,107,32,J151,JJ34,369490,712678,0.00644072,20113,112267,60428.1,89.6836,369490,0,n1,In-house server 3,Quadro P600,1,0.44,0,0.492377,0,0.492377
74,657312,tf_alexnet,130000,311,128,J97,JJ40,437235,1.22446e+06,0.00875799,17933.4,142966,60428.1,100,437235,657312,n1,In-house server 3,Quadro P600,2,0.44,0,0.984754,0,0.984754
74,657312,tf_resnet50,130000,126,32,J143,JJ10,100461,1.11585e+06,0.0113172,15653.8,87381.9,60428.1,95.4521,100461,0,n1,In-house server 3,Quadro P600,1,0.44,0,0.492377,0,0.492377
74,657312,tf_resnet50,130000,107,32,J151,JJ39,426073,1.41419e+06,0.0126269,57549.9,321233,60428.1,48.0097,426073,0,n1,In-house server 3,Quadro P600,2,0.44,0,0.984754,0,0.984754
74,657312,tf_resnet50,130000,103,16,J146,JJ36,392061,1.49099e+06,0.00881309,64363.9,310254,60428.1,57.5893,392061,0,n1,In-house server 3,Quadro P600,2,0.44,0,0.984754,0,0.984754
75,684140,pytorch_vgg19,130000,150,8,J71,JJ29,313272,9.42867e+06,0.00906461,24779.1,4.08065e+06,26828,61.5179,313272,0,n2,In-house server 2,GTX 1080Ti,8,1.13,0,4.4912,0,4.4912
75,684140,pytorch_vgg19,130000,150,8,J68,JJ21,223583,3.07812e+06,0.0066921,16614.7,2.73172e+06,26828,63.9461,223583,0,n1,In-house server 3,Quadro P600,1,0.44,0,0.218598,0,0.218598
75,684140,tf_resnet50,130000,107,32,J151,JJ24,256997,1.18747e+06,0.0146461,13770.6,76864.9,26828,90.0254,256997,0,n1,In-house server 3,Quadro P600,2,0.44,0,0.437196,0,0.437196
75,684140,tf_resnet50,130000,107,32,J151,JJ34,369490,712678,0.00644072,9271.45,51751.5,26828,95.0393,369490,0,n1,In-house server 3,Quadro P600,1,0.44,0,0.218598,0,0.218598
75,684140,tf_resnet50,130000,107,32,J151,JJ39,426073,1.41419e+06,0.0126269,46724.1,260805,26828,53.3577,426073,0,n1,In-house server 3,Quadro P600,2,0.44,0,0.437196,0,0.437196
75,684140,tf_resnet50,130000,126,32,J143,JJ10,100461,1.11585e+06,0.0113172,4812.94,26866.7,26828,100,100461,684140,n1,In-house server 3,Quadro P600,1,0.44,0,0.218598,0,0.218598
75,684140,tf_resnet50,130000,103,16,J146,JJ36,392061,1.49099e+06,0.00881309,51710.4,249260,26828,62.154,392061,0,n1,In-house server 3,Quadro P600,1,0.44,0,0.218598,0,0.218598
76,708988,pytorch_vgg19,130000,150,8,J71,JJ29,313272,9.42867e+06,0.00906461,16662,2.74391e+06,24848.7,78.8819,313272,0,n2,In-house server 2,GTX 1080Ti,8,1.13,0,4.45699,0,4.45699
76,708988,tf_resnet50,130000,107,32,J151,JJ39,426073,1.41419e+06,0.0126269,41917.7,233977,24848.7,58.3184,426073,0,n1,In-house server 3,Quadro P600,1,0.44,0,0.276097,0,0.276097
76,708988,tf_resnet50,130000,103,16,J146,JJ36,392061,1.49099e+06,0.00881309,46144.8,222433,24848.7,66.3819,392061,0,n1,In-house server 3,Quadro P600,1,0.44,0,0.276097,0,0.276097
76,708988,tf_resnet50,130000,107,32,J151,JJ34,369490,712678,0.00644072,4458.17,24884.7,24848.7,100,369490,708988,n1,In-house server 3,Quadro P600,1,0.44,0,0.276097,0,0.276097
76,708988,tf_resnet50,130000,107,32,J151,JJ24,256997,1.18747e+06,0.0146461,8964.27,50036.9,24848.7,94.9788,256997,0,n1,In-house server 3,Quadro P600,2,0.44,0,0.552193,0,0.552193
76,708988,pytorch_vgg19,130000,150,8,J68,JJ21,223583,3.07812e+06,0.0066921,15634.2,2.57051e+06,24848.7,66.0404,223583,0,n1,In-house server 3,Quadro P600,1,0.44,0,0.276097,0,0.276097
77,734140,pytorch_vgg19,130000,150,8,J71,JJ29,313272,9.42867e+06,0.00906461,9143.72,1.5058e+06,25151.8,81.0017,313272,0,n1,In-house server 3,Quadro P600,1,0.44,0,0.23647,0,0.23647
77,734140,pytorch_vgg19,130000,150,8,J68,JJ21,223583,3.07812e+06,0.0066921,14726,2.4212e+06,25151.8,68.1603,223583,0,n1,In-house server 3,Quadro P600,1,0.44,0,0.23647,0,0.23647
77,734140,tf_resnet50,130000,107,32,J151,JJ24,256997,1.18747e+06,0.0146461,4512.55,25188.3,25151.8,100,256997,734140,n1,In-house server 3,Quadro P600,1,0.44,0,0.23647,0,0.23647
77,734140,tf_resnet50,130000,103,16,J146,JJ36,392061,1.49099e+06,0.00881309,40989.8,197584,25151.8,70.6614,392061,0,n1,In-house server 3,Quadro P600,1,0.44,0,0.23647,0,0.23647
77,734140,tf_resnet50,130000,107,32,J151,JJ39,426073,1.41419e+06,0.0126269,37459.6,209093,25151.8,63.3323,426073,0,n1,In-house server 3,Quadro P600,2,0.44,0,0.47294,0,0.47294
78,761327,pytorch_vgg19,130000,150,8,J71,JJ29,313272,9.42867e+06,0.00906461,8225.88,1.35465e+06,27187.5,100,313272,761327,n2,In-house server 2,GTX 1080Ti,8,1.13,0,5.25159,0,5.25159
78,761327,pytorch_vgg19,130000,150,8,J68,JJ21,223583,3.07812e+06,0.0066921,13806.8,2.27006e+06,27187.5,70.4517,223583,0,n1,In-house server 3,Quadro P600,1,0.44,0,0.664582,0,0.664582
78,761327,tf_resnet50,130000,103,16,J146,JJ36,392061,1.49099e+06,0.00881309,35771.9,172432,27187.5,75.2872,392061,0,n1,In-house server 3,Quadro P600,1,0.44,0,0.664582,0,0.664582
78,761327,tf_resnet50,130000,107,32,J151,JJ39,426073,1.41419e+06,0.0126269,32953.5,183941,27187.5,68.7598,426073,0,n1,In-house server 3,Quadro P600,1,0.44,0,0.664582,0,0.664582
79,803621,tf_resnet50,130000,103,16,J146,JJ36,392061,1.49099e+06,0.00881309,30131.8,145245,42293.6,82.4833,392061,0,n1,In-house server 1,Quadro P600,1,0.11,0,1.2923,0,1.2923
79,803621,tf_resnet50,130000,107,32,J151,JJ39,426073,1.41419e+06,0.0126269,28075.8,156714,42293.6,77.2031,426073,0,n1,In-house server 1,Quadro P600,1,0.11,0,1.2923,0,1.2923
79,803621,pytorch_vgg19,130000,150,8,J68,JJ21,223583,3.07812e+06,0.0066921,12813.2,2.10669e+06,42293.6,100,223583,803621,n2,In-house server 2,GTX 1080Ti,8,1.13,0,7.08026,0,7.08026
80,905617,tf_resnet50,130000,107,32,J151,JJ39,426073,1.41419e+06,0.0126269,20487.8,114359,101996,97.565,426073,0,n1,In-house server 1,Quadro P600,1,0.11,0,1.03885,0,1.03885
80,905617,tf_resnet50,130000,103,16,J146,JJ36,392061,1.49099e+06,0.00881309,21357.7,102951,101996,100,392061,905617,n1,In-house server 1,Quadro P600,2,0.11,0,2.0777,0,2.0777
81,917815,tf_resnet50,130000,107,32,J151,JJ39,426073,1.41419e+06,0.0126269,2188.38,12215.1,12197.5,100,426073,917815,n1,In-house server 1,Quadro P600,1,0.11,0,0.3727,0,0.3727
